     -0.1600000
     -0.1650000
     -0.1625000
     -0.1600000
     -0.1550000
     -0.1625000
     -0.1625000
     -0.1600000
     -0.1575000
     -0.1600000
     -0.1750000
     -0.1600000
     -0.1600000
     -0.1625000
     -0.1625000
     -0.1600000
     -0.1600000
     -0.1600000
     -0.1625000
     -0.1600000
     -0.1600000
     -0.1575000
     -0.1625000
     -0.1600000
     -0.1625000
     -0.1550000
     -0.1625000
     -0.1600000
     -0.1575000
     -0.1550000
     -0.1625000
     -0.1600000
     -0.1575000
     -0.1550000
     -0.1600000
     -0.1600000
     -0.1600000
     -0.1575000
     -0.1625000
     -0.1600000
     -0.1575000
     -0.1550000
     -0.1625000
     -0.1600000
     -0.1600000
     -0.1600000
     -0.1600000
     -0.1600000
     -0.1575000
     -0.1575000
     -0.1550000
     -0.1600000
     -0.1600000
     -0.1575000
     -0.1550000
     -0.1575000
     -0.1575000
     -0.1575000
     -0.1550000
     -0.1600000
     -0.1600000
     -0.1575000
     -0.1575000
     -0.1600000
     -0.1575000
     -0.1600000
     -0.1550000
     -0.1575000
     -0.1600000
     -0.1575000
     -0.1550000
     -0.1600000
     -0.1600000
     -0.1575000
     -0.1575000
     -0.1550000
     -0.1600000
     -0.1600000
     -0.1550000
     -0.1550000
     -0.1575000
     -0.1550000
     -0.1550000
     -0.1500000
     -0.1550000
     -0.1550000
     -0.1550000
     -0.1500000
     -0.1550000
     -0.1550000
     -0.1575000
     -0.1475000
     -0.1550000
     -0.1550000
     -0.1550000
     -0.1500000
     -0.1550000
     -0.1550000
     -0.1500000
     -0.1500000
     -0.1550000
     -0.1550000
     -0.1500000
     -0.1500000
     -0.1475000
     -0.1550000
     -0.1575000
     -0.1550000
     -0.1500000
     -0.1550000
     -0.1550000
     -0.1550000
     -0.1475000
     -0.1550000
     -0.1550000
     -0.1500000
     -0.1500000
     -0.1550000
     -0.1550000
     -0.1550000
     -0.1475000
     -0.1550000
     -0.1575000
     -0.1550000
     -0.1500000
     -0.1550000
     -0.1550000
     -0.1550000
     -0.1500000
     -0.1500000
     -0.1550000
     -0.1550000
     -0.1500000
     -0.1500000
     -0.1550000
     -0.1550000
     -0.1525000
     -0.1475000
     -0.1575000
     -0.1550000
     -0.1550000
     -0.1500000
     -0.1550000
     -0.1550000
     -0.1525000
     -0.1500000
     -0.1550000
     -0.1550000
     -0.1550000
     -0.1550000
     -0.1550000
     -0.1575000
     -0.1550000
     -0.1550000
     -0.1575000
     -0.1550000
     -0.1550000
     -0.1550000
     -0.1550000
     -0.1575000
     -0.1550000
     -0.1550000
     -0.1500000
     -0.1550000
     -0.1550000
     -0.1550000
     -0.1500000
     -0.1550000
     -0.1575000
     -0.1550000
     -0.1550000
     -0.1550000
     -0.1575000
     -0.1550000
     -0.1550000
     -0.1575000
     -0.1550000
     -0.1550000
     -0.1525000
     -0.1550000
     -0.1575000
     -0.1550000
     -0.1550000
     -0.1550000
     -0.1575000
     -0.1575000
     -0.1600000
     -0.1550000
     -0.1600000
     -0.1600000
     -0.1575000
     -0.1550000
     -0.1600000
     -0.1600000
     -0.1550000
     -0.1550000
     -0.1600000
     -0.1600000
     -0.1600000
     -0.1550000
     -0.1600000
     -0.1600000
     -0.1625000
     -0.1550000
     -0.1575000
     -0.1600000
     -0.1575000
     -0.1575000
     -0.1600000
     -0.1600000
     -0.1600000
     -0.1575000
     -0.1550000
     -0.1600000
     -0.1600000
     -0.1600000
     -0.1550000
     -0.1600000
     -0.1625000
     -0.1550000
     -0.1550000
     -0.1600000
     -0.1600000
     -0.1575000
     -0.1550000
     -0.1600000
     -0.1575000
     -0.1600000
     -0.1550000
     -0.1600000
     -0.1575000
     -0.1575000
     -0.1550000
     -0.1575000
     -0.1625000
     -0.1575000
     -0.1550000
     -0.1550000
     -0.1600000
     -0.1575000
     -0.1550000
     -0.1550000
     -0.1600000
     -0.1575000
     -0.1550000
     -0.1500000
     -0.1600000
     -0.1575000
     -0.1575000
     -0.1525000
     -0.1625000
     -0.1575000
     -0.1550000
     -0.1550000
     -0.1600000
     -0.1600000
     -0.1550000
     -0.1550000
     -0.1575000
     -0.1575000
     -0.1550000
     -0.1575000
     -0.1600000
     -0.1600000
     -0.1575000
     -0.1550000
     -0.1600000
     -0.1575000
     -0.1550000
     -0.1550000
     -0.1550000
     -0.1575000
     -0.1575000
     -0.1550000
     -0.1500000
     -0.1575000
     -0.1550000
     -0.1575000
     -0.1550000
     -0.1575000
     -0.1550000
     -0.1550000
     -0.1575000
     -0.1550000
     -0.1550000
     -0.1550000
     -0.1500000
     -0.1550000
     -0.1550000
     -0.1550000
     -0.1550000
     -0.1500000
     -0.1550000
     -0.1550000
     -0.1550000
     -0.1500000
     -0.1525000
     -0.1550000
     -0.1550000
     -0.1500000
     -0.1550000
     -0.1550000
     -0.1550000
     -0.1500000
     -0.1550000
     -0.1550000
     -0.1550000
     -0.1500000
     -0.1550000
     -0.1575000
     -0.1550000
     -0.1550000
     -0.1550000
     -0.1550000
     -0.1575000
     -0.1500000
     -0.1550000
     -0.1550000
     -0.1550000
     -0.1550000
     -0.1550000
     -0.1550000
     -0.1550000
     -0.1500000
     -0.1500000
     -0.1550000
     -0.1550000
     -0.1550000
     -0.1500000
     -0.1550000
     -0.1600000
     -0.1550000
     -0.1500000
     -0.1550000
     -0.1575000
     -0.1550000
     -0.1550000
     -0.1550000
     -0.1550000
     -0.1550000
     -0.1550000
     -0.1550000
     -0.1575000
     -0.1550000
     -0.1550000
     -0.1550000
     -0.1600000
     -0.1550000
     -0.1550000
     -0.1550000
     -0.1550000
     -0.1550000
     -0.1550000
     -0.1500000
     -0.1575000
     -0.1575000
     -0.1550000
     -0.1550000
     -0.1550000
     -0.1575000
     -0.1575000
     -0.1550000
     -0.1600000
     -0.1575000
     -0.1550000
     -0.1550000
     -0.1600000
     -0.1550000
     -0.1550000
     -0.1550000
     -0.1575000
     -0.1575000
     -0.1550000
     -0.1575000
     -0.1550000
     -0.1575000
     -0.1675000
     -0.1625000
     -0.1750000
     -0.1675000
     -0.1650000
     -0.1650000
     -0.1625000
     -0.1850000
     -0.1750000
     -0.1750000
     -0.1650000
     -0.1750000
     -0.1750000
     -0.1675000
     -0.1625000
     -0.1750000
     -0.1750000
     -0.1700000
     -0.1850000
     -0.1675000
     -0.1650000
     -0.1625000
     -0.1625000
     -0.1700000
     -0.1750000
     -0.1850000
     -0.1750000
     -0.1650000
     -0.1750000
     -0.1750000
     -0.1750000
     -0.1625000
     -0.1750000
     -0.1675000
     -0.1850000
     -0.1600000
     -0.1750000
     -0.1750000
     -0.1750000
     -0.1750000
     -0.1750000
     -0.1850000
     -0.1650000
     -0.1625000
     -0.1675000
     -0.1750000
     -0.1750000
     -0.1700000
     -0.1675000
     -0.1675000
     -0.1750000
     -0.1625000
     -0.1675000
     -0.1750000
     -0.1625000
     -0.1625000
     -0.1625000
     -0.1750000
     -0.1750000
     -0.1600000
     -0.1575000
     -0.1625000
     -0.1750000
     -0.1625000
     -0.1600000
     -0.1625000
     -0.1850000
     -0.1625000
     -0.1575000
     -0.1625000
     -0.1675000
     -0.1625000
     -0.1625000
     -0.1625000
     -0.1750000
     -0.1650000
     -0.1600000
     -0.1625000
     -0.1750000
     -0.1675000
     -0.1625000
     -0.1625000
     -0.1850000
     -0.1625000
     -0.1575000
     -0.1575000
     -0.1675000
     -0.1625000
     -0.1625000
     -0.1625000
     -0.1700000
     -0.1650000
     -0.1600000
     -0.1625000
     -0.1650000
     -0.1625000
     -0.1600000
     -0.1600000
     -0.1850000
     -0.1600000
     -0.1625000
     -0.1625000
     -0.1625000
     -0.1625000
     -0.1625000
     -0.1625000
     -0.1600000
     -0.1575000
     -0.1600000
     -0.1600000
     -0.1550000
     -0.1600000
     -0.1600000
     -0.1575000
     -0.1600000
     -0.1600000
     -0.1600000
     -0.1600000
     -0.1550000
     -0.1600000
     -0.1625000
     -0.1575000
     -0.1550000
     -0.1625000
     -0.1600000
     -0.1575000
     -0.1550000
     -0.1600000
     -0.1600000
     -0.1550000
     -0.1600000
     -0.1575000
     -0.1575000
     -0.1550000
     -0.1550000
     -0.1550000
     -0.1575000
     -0.1575000
     -0.1550000
     -0.1550000
     -0.1600000
     -0.1600000
     -0.1550000
     -0.1550000
     -0.1625000
     -0.1600000
     -0.1625000
     -0.1550000
     -0.1575000
     -0.1575000
     -0.1550000
     -0.1500000
     -0.1550000
     -0.1550000
     -0.1550000
     -0.1475000
     -0.1475000
     -0.1475000
     -0.1475000
     -0.1450000
     -0.1450000
     -0.1450000
     -0.1450000
     -0.1350000
     -0.1275000
     -0.1350000
     -0.1250000
     -0.1150000
     -0.1050000
     -0.1050000
     -0.0950000
     -0.0775000
     -0.0650000
     -0.0550000
     -0.0375000
     -0.0250000
     -0.0150000
      0.0000000
      0.0000000
      0.0150000
      0.0425000
      0.0425000
      0.0450000
      0.0550000
      0.0525000
      0.0550000
      0.0550000
      0.0550000
      0.0550000
      0.0650000
      0.0550000
      0.0650000
      0.0700000
      0.0825000
      0.0925000
      0.1100000
      0.1200000
      0.1350000
      0.1450000
      0.1700000
      0.1750000
      0.1950000
      0.2150000
      0.2525000
      0.2850000
      0.3300000
      0.3650000
      0.4050000
      0.4825000
      0.5750000
      0.6650000
      0.8800000
      1.0550000
      1.1450000
      1.1750000
      1.2850000
      1.3250000
      1.3350000
      1.4850000
      1.5700000
      1.7750000
      2.0150000
      2.2050000
      2.4150000
      2.5950000
      2.6950000
      2.7650000
      2.8850000
      2.8950000
      2.9350000
      3.0150000
      3.0850000
      3.0400000
      2.9650000
      3.0050000
      3.1650000
      3.2550000
      3.3350000
      3.3350000
      3.2550000
      3.1850000
      3.1650000
      3.0950000
      3.0350000
      2.9850000
      2.8950000
      2.7150000
      2.7200000
      2.7950000
      2.7750000
      2.6950000
      2.6000000
      2.6150000
      2.7750000
      2.7950000
      2.7350000
      2.7650000
      2.8850000
      2.9850000
      3.0900000
      3.0550000
      2.9950000
      2.9750000
      3.0525000
      3.0450000
      3.1600000
      3.2850000
      3.4050000
      3.4850000
      3.6250000
      3.5750000
      3.4150000
      3.2525000
      3.1600000
      3.0750000
      2.9850000
      2.9050000
      2.8150000
      2.7625000
      2.7950000
      2.8150000
      2.7650000
      2.7300000
      2.6950000
      2.7750000
      2.9050000
      2.9150000
      2.9350000
      2.9250000
      2.8925000
      2.8950000
      2.9525000
      2.9950000
      3.0050000
      3.0750000
      3.1050000
      3.2050000
      3.2550000
      3.4150000
      3.4950000
      3.4550000
      3.4550000
      3.4750000
      3.4650000
      3.4750000
      3.4450000
      3.3750000
      3.4050000
      3.3950000
      3.3750000
      3.3750000
      3.4150000
      3.3950000
      3.3750000
      3.4150000
      3.4375000
      3.3750000
      3.3350000
      3.3150000
      3.2950000
      3.2250000
      3.2000000
      3.1350000
      3.1225000
      3.2050000
      3.1725000
      3.1750000
      3.1525000
      3.1100000
      3.2550000
      3.2750000
      3.2150000
      3.1750000
      3.1550000
      3.1150000
      3.0550000
      2.9550000
      2.8350000
      2.7350000
      2.6550000
      2.6450000
      2.6650000
      2.6150000
      2.4950000
      2.5250000
      2.6500000
      2.6150000
      2.5725000
      2.5250000
      2.5600000
      2.5750000
      2.4950000
      2.4450000
      2.3350000
      2.1950000
      2.0850000
      2.0000000
      1.8950000
      1.8150000
      1.7350000
      1.7750000
      1.8150000
      1.8350000
      1.9750000
      1.9925000
      1.9925000
      1.9925000
      1.8150000
      1.6850000
      1.5750000
      1.5300000
      1.5350000
      1.4650000
      1.3250000
      1.2325000
      1.1750000
      1.0750000
      1.0750000
      1.0650000
      1.0150000
      0.9100000
      0.7750000
      0.7650000
      0.7225000
      0.6750000
      0.5350000
      0.4450000
      0.4550000
      0.4525000
      0.3450000
      0.2750000
      0.2350000
      0.1750000
      0.0750000
     -0.0450000
     -0.3050000
     -0.4900000
     -0.6025000
     -0.7550000
     -0.8350000
     -0.8775000
     -0.9250000
     -0.9050000
     -0.9175000
     -1.0250000
     -1.0775000
     -0.8950000
     -0.8275000
     -0.8250000
     -0.8025000
     -0.8150000
     -0.8550000
     -0.7050000
     -0.4450000
     -0.3475000
     -0.3075000
     -0.4425000
     -0.5750000
     -0.6800000
     -0.7225000
     -0.7050000
     -0.6375000
     -0.5200000
     -0.2950000
     -0.1550000
      0.0125000
      0.1350000
      0.2950000
      0.3550000
      0.3750000
      0.2950000
      0.3050000
      0.3600000
      0.4900000
      0.4650000
      0.4000000
      0.4725000
      0.5750000
      0.5850000
      0.5750000
      0.7300000
      0.6800000
      0.7250000
      0.6950000
      0.6400000
      0.6500000
      0.6150000
      0.6950000
      1.0850000
      1.1650000
      1.3050000
      1.4100000
      1.3450000
      1.3350000
      1.4350000
      1.6350000
      1.7850000
      1.9750000
      2.1750000
      2.3525000
      2.3050000
      2.2450000
      2.2000000
      2.1350000
      2.1350000
      2.1300000
      2.1750000
      2.2650000
      2.3125000
      2.3350000
      2.5625000
      2.6550000
      2.6950000
      2.7750000
      2.8100000
      2.9250000
      3.1175000
      3.3625000
      3.4700000
      3.5550000
      3.5750000
      3.6050000
      3.6550000
      3.6550000
      3.7050000
      3.7050000
      3.6750000
      3.6850000
      3.7750000
      3.7750000
      3.8050000
      3.9350000
      3.9350000
      3.9950000
      4.0250000
      4.0850000
      4.0950000
      4.1550000
      4.2150000
      4.2150000
      4.2525000
      4.2500000
      4.3150000
      4.3750000
      4.3750000
      4.3350000
      4.3350000
      4.4050000
      4.3650000
      4.3850000
      4.3550000
      4.3950000
      4.4050000
      4.4750000
      4.5350000
      4.5050000
      4.5650000
      4.7750000
      4.7950000
      4.6550000
      4.6650000
      4.6150000
      4.4850000
      4.4850000
      4.4750000
      4.3950000
      4.4050000
      4.3350000
      4.2150000
      4.2150000
      4.1550000
      3.9550000
      3.8850000
      3.8950000
      3.9050000
      4.0050000
      4.0550000
      4.0250000
      3.8850000
      3.8150000
      3.6850000
      3.4950000
      3.2950000
      3.2550000
      3.1450000
      3.0550000
      2.9950000
      2.9350000
      2.8350000
      2.6150000
      2.5250000
      2.3750000
      2.2050000
      2.0550000
      2.0950000
      1.9350000
      1.8400000
      1.8550000
      1.7050000
      1.5050000
      1.3950000
      1.4850000
      1.4050000
      1.2925000
      1.2750000
      1.2150000
      1.0925000
      1.0350000
      0.8950000
      0.8150000
      0.7350000
      0.6950000
      0.6950000
      0.6950000
      0.7200000
      0.7200000
      0.5650000
      0.4850000
      0.6150000
      0.6950000
      0.7200000
      0.6550000
      0.4950000
      0.4125000
      0.4825000
      0.5650000
      0.4550000
      0.3650000
      0.1700000
     -0.0050000
     -0.1600000
     -0.2800000
     -0.3750000
     -0.4025000
     -0.3050000
     -0.3100000
     -0.4250000
     -0.4250000
     -0.4350000
     -0.5150000
     -0.5100000
     -0.3450000
     -0.3050000
     -0.3075000
     -0.4300000
     -0.4825000
     -0.4750000
     -0.6100000
     -0.7750000
     -0.9500000
     -0.9850000
     -0.9850000
     -0.9275000
     -0.6700000
     -0.5975000
     -0.5950000
     -0.5850000
     -0.6050000
     -0.5675000
     -0.5150000
     -0.3500000
     -0.2250000
     -0.3050000
     -0.3650000
     -0.3150000
     -0.1850000
     -0.1250000
     -0.1300000
     -0.0250000
      0.0750000
      0.0325000
      0.0525000
      0.2550000
      0.4350000
      0.4850000
      0.4950000
      0.6850000
      0.8350000
      0.9150000
      1.0750000
      1.4150000
      1.4550000
      1.4350000
      1.4850000
      1.6150000
      1.6950000
      1.6950000
      1.6550000
      1.6350000
      1.6550000
      1.8350000
      1.8250000
      1.8150000
      1.8150000
      1.8150000
      1.8850000
      1.8850000
      2.0750000
      2.2150000
      2.3225000
      2.4550000
      2.5550000
      2.5600000
      2.6350000
      2.7650000
      2.9950000
      3.0950000
      3.1750000
      3.2100000
      3.1550000
      3.1350000
      3.1200000
      3.2550000
      3.3550000
      3.4550000
      3.5250000
      3.5350000
      3.4650000
      3.4050000
      3.3250000
      3.2525000
      3.1750000
      3.1250000
      3.1950000
      3.3650000
      3.3600000
      3.4550000
      3.7450000
      3.9250000
      4.0150000
      3.9750000
      3.9750000
      4.1150000
      4.1700000
      4.1650000
      4.2050000
      4.2050000
      4.3250000
      4.3550000
      4.3350000
      4.4050000
      4.4150000
      4.3750000
      4.3650000
      4.3750000
      4.3750000
      4.3150000
      4.2750000
      4.2500000
      4.1850000
      4.1650000
      4.2025000
      4.1550000
      4.1150000
      4.1350000
      4.0950000
      4.0950000
      4.0550000
      4.1600000
      4.1750000
      4.0650000
      3.9750000
      3.9150000
      3.9350000
      3.9600000
      3.9750000
      3.9250000
      4.0100000
      4.0150000
      4.0450000
      4.0150000
      4.0050000
      3.9450000
      3.8650000
      3.7150000
      3.6350000
      3.5150000
      3.4550000
      3.4250000
      3.3750000
      3.2350000
      3.1950000
      3.2550000
      3.2250000
      3.0950000
      2.9550000
      2.9150000
      2.9150000
      2.8250000
      2.7350000
      2.7650000
      2.6850000
      2.6950000
      2.6650000
      2.6450000
      2.5750000
      2.5850000
      2.4950000
      2.4050000
      2.3250000
      2.2950000
      2.1950000
      2.1750000
      2.0400000
      2.0550000
      2.0925000
      2.0550000
      1.9750000
      1.8650000
      1.7750000
      1.6825000
      1.6850000
      1.6550000
      1.5750000
      1.4850000
      1.3125000
      1.1150000
      1.0150000
      0.8950000
      0.7250000
      0.5950000
      0.4950000
      0.4150000
      0.2450000
      0.1525000
      0.0350000
     -0.0250000
      0.0750000
     -0.0050000
     -0.1250000
     -0.1850000
     -0.2250000
     -0.3050000
     -0.3600000
     -0.5350000
     -0.6650000
     -0.7700000
     -0.8250000
     -0.9175000
     -1.0900000
     -1.2250000
     -1.2550000
     -1.2725000
     -1.3050000
     -1.3750000
     -1.4000000
     -1.5050000
     -1.5100000
     -1.4650000
     -1.3450000
     -1.2425000
     -1.2750000
     -1.2350000
     -1.2025000
     -1.2275000
     -1.1700000
     -1.1350000
     -0.9475000
     -0.9350000
     -0.8950000
     -0.8000000
     -0.7625000
     -0.6750000
     -0.5950000
     -0.5850000
     -0.5050000
     -0.4550000
     -0.4100000
     -0.3100000
     -0.1900000
     -0.1550000
     -0.1450000
     -0.0850000
      0.0450000
      0.0925000
      0.1150000
      0.2150000
      0.3225000
      0.5050000
      0.5950000
      0.6650000
      0.7250000
      0.7350000
      0.8000000
      0.8450000
      0.9150000
      0.8950000
      0.8950000
      0.9500000
      1.0100000
      1.0550000
      1.2150000
      1.4550000
      1.4700000
      1.4650000
      1.4950000
      1.6050000
      1.7550000
      1.8250000
      1.9925000
      2.0750000
      2.0850000
      2.0350000
      2.0250000
      2.0425000
      2.0350000
      2.0350000
      2.0750000
      2.0850000
      2.0950000
      2.1650000
      2.2150000
      2.3150000
      2.4450000
      2.4950000
      2.4750000
      2.5350000
      2.6350000
      2.6550000
      2.6150000
      2.6250000
      2.6825000
      2.6850000
      2.7150000
      2.7550000
      2.8550000
      2.8950000
      2.9350000
      2.9350000
      2.9750000
      3.0050000
      3.0450000
      3.1450000
      3.1750000
      3.2150000
      3.2550000
      3.2550000
      3.2700000
      3.2950000
      3.3250000
      3.3150000
      3.3350000
      3.3150000
      3.2950000
      3.3150000
      3.2925000
      3.2250000
      3.2100000
      3.1650000
      3.2850000
      3.4050000
      3.4650000
      3.4350000
      3.4150000
      3.3750000
      3.2525000
      3.1250000
      3.0550000
      2.9550000
      2.8800000
      2.7325000
      2.5650000
      2.4750000
      2.3750000
      2.2050000
      2.0050000
      1.8150000
      1.7250000
      1.6550000
      1.6450000
      1.5550000
      1.4550000
      1.3950000
      1.3050000
      1.2050000
      1.1450000
      1.0950000
      1.1150000
      1.0750000
      0.9850000
      0.8850000
      0.7750000
      0.6950000
      0.6250000
      0.5850000
      0.5450000
      0.4550000
      0.3650000
      0.2850000
      0.2050000
      0.1750000
      0.1850000
      0.1950000
      0.1700000
      0.1125000
      0.1100000
      0.0550000
      0.0225000
     -0.0400000
     -0.0300000
     -0.0350000
     -0.0650000
     -0.0750000
     -0.0650000
     -0.0350000
     -0.0275000
     -0.1050000
     -0.1550000
     -0.2000000
     -0.2150000
     -0.2850000
     -0.3650000
     -0.4300000
     -0.5050000
     -0.5250000
     -0.5450000
     -0.6400000
     -0.7050000
     -0.7600000
     -0.7225000
     -0.8750000
     -1.0150000
     -1.1225000
     -1.1150000
     -1.0800000
     -1.0950000
     -1.1075000
     -1.2100000
     -1.3300000
     -1.5050000
     -1.5500000
     -1.5225000
     -1.5450000
     -1.6750000
     -1.8250000
     -1.8250000
     -1.8350000
     -2.0350000
     -2.1450000
     -2.1850000
     -2.2400000
     -2.1950000
     -2.1950000
     -2.1300000
     -2.1200000
     -2.1625000
     -2.1450000
     -2.1275000
     -2.0250000
     -1.9750000
     -1.8975000
     -1.9575000
     -2.0025000
     -1.9750000
     -1.9850000
     -1.9225000
     -1.8650000
     -1.8050000
     -1.7150000
     -1.5750000
     -1.5650000
     -1.5475000
     -1.4650000
     -1.4100000
     -1.3450000
     -1.2025000
     -1.1575000
     -1.1050000
     -1.0550000
     -0.9625000
     -0.9625000
     -0.9500000
     -0.9500000
     -0.8825000
     -0.8025000
     -0.7150000
     -0.6650000
     -0.6650000
     -0.6250000
     -0.5050000
     -0.3475000
     -0.1850000
     -0.1475000
     -0.1450000
     -0.1075000
     -0.0450000
      0.0350000
      0.0850000
      0.1250000
      0.1900000
      0.2450000
      0.2850000
      0.2950000
      0.3750000
      0.4250000
      0.4550000
      0.4550000
      0.5050000
      0.5850000
      0.5950000
      0.5650000
      0.5850000
      0.6450000
      0.7350000
      0.8150000
      0.8150000
      0.8100000
      0.8000000
      0.8050000
      0.8150000
      0.8550000
      0.9150000
      0.9350000
      0.9350000
      0.9750000
      1.0150000
      1.0850000
      1.1150000
      1.1150000
      1.1750000
      1.2150000
      1.2750000
      1.2825000
      1.3225000
      1.3750000
      1.4450000
      1.5150000
      1.5750000
      1.6150000
      1.6550000
      1.6850000
      1.7125000
      1.7600000
      1.7950000
      1.8400000
      1.8550000
      1.8850000
      1.8550000
      1.8650000
      1.8950000
      1.9525000
      2.0450000
      2.1050000
      2.1700000
      2.2150000
      2.1950000
      2.1950000
      2.2050000
      2.1850000
      2.1850000
      2.1550000
      2.0950000
      2.0350000
      2.0150000
      1.9750000
      1.8950000
      1.8350000
      1.7750000
      1.7650000
      1.7250000
      1.6850000
      1.6550000
      1.6150000
      1.5550000
      1.5650000
      1.5625000
      1.4850000
      1.4425000
      1.3350000
      1.2550000
      1.2150000
      1.1750000
      1.0950000
      1.0650000
      1.0150000
      0.9350000
      0.9150000
      0.8750000
      0.8550000
      0.8100000
      0.7125000
      0.6750000
      0.6350000
      0.5650000
      0.4950000
      0.4000000
      0.2950000
      0.1625000
      0.0825000
      0.0300000
      0.0050000
      0.0250000
      0.0350000
     -0.0450000
     -0.1250000
     -0.1750000
     -0.2700000
     -0.3750000
     -0.4400000
     -0.4775000
     -0.5500000
     -0.6650000
     -0.8250000
     -0.8825000
     -0.9950000
     -0.9850000
     -0.8775000
     -0.9375000
     -0.9450000
     -0.9500000
     -1.1050000
     -1.1750000
     -1.3075000
     -1.4425000
     -1.5050000
     -1.6250000
     -1.7050000
     -1.7625000
     -1.8775000
     -1.8650000
     -2.0150000
     -1.9450000
     -1.9700000
     -2.0700000
     -2.1050000
     -2.1575000
     -2.2350000
     -2.2650000
     -2.3450000
     -2.4000000
     -2.3950000
     -2.4000000
     -2.3975000
     -2.3950000
     -2.3975000
     -2.4025000
     -2.3975000
     -2.4025000
     -2.4025000
     -2.3850000
     -2.3950000
     -2.4000000
     -2.4025000
     -2.3950000
     -2.3950000
     -2.3975000
     -2.4000000
     -2.3950000
     -2.4000000
     -2.4025000
     -2.4000000
     -2.3975000
     -2.3975000
     -2.3975000
     -2.3950000
     -2.3925000
     -2.3950000
     -2.3950000
     -2.3975000
     -2.3950000
     -2.3975000
     -2.3975000
     -2.3950000
     -2.3950000
     -2.3950000
     -2.3950000
     -2.3900000
     -2.3450000
     -2.2000000
     -2.1950000
     -2.1750000
     -2.1050000
     -1.8950000
     -1.6800000
     -1.4750000
     -1.3675000
     -1.3350000
     -1.2675000
     -1.2825000
     -1.2500000
     -1.2300000
     -1.2275000
     -1.1900000
     -1.1500000
     -1.1075000
     -1.0550000
     -0.9950000
     -0.9475000
     -0.8350000
     -0.7650000
     -0.7475000
     -0.6175000
     -0.5550000
     -0.4550000
     -0.3750000
     -0.3050000
     -0.2650000
     -0.1875000
     -0.1150000
     -0.0550000
      0.0650000
      0.0525000
      0.1050000
      0.1700000
      0.1650000
      0.1750000
      0.1850000
      0.2825000
      0.3550000
      0.4050000
      0.4950000
      0.5750000
      0.5750000
      0.6450000
      0.7750000
      0.8150000
      0.8550000
      0.8950000
      0.9350000
      0.9350000
      0.9850000
      1.0150000
      1.0450000
      1.0950000
      1.1725000
      1.2450000
      1.3050000
      1.3925000
      1.4500000
      1.4950000
      1.5050000
      1.5150000
      1.5150000
      1.5650000
      1.6400000
      1.6850000
      1.7700000
      1.8350000
      1.8750000
      1.9325000
      1.9550000
      1.9500000
      1.9450000
      1.9600000
      1.9750000
      1.9700000
      1.9750000
      1.9450000
      1.9900000
      2.0550000
      2.0000000
      1.9450000
      1.8450000
      1.7550000
      1.6950000
      1.6750000
      1.6350000
      1.5750000
      1.5550000
      1.5200000
      1.4925000
      1.4450000
      1.4050000
      1.3700000
      1.3525000
      1.3525000
      1.4050000
      1.3650000
      1.2950000
      1.2050000
      1.0850000
      1.0450000
      1.0050000
      0.9350000
      0.9350000
      0.9350000
      0.8450000
      0.8725000
      0.8550000
      0.8050000
      0.8150000
      0.6850000
      0.5325000
      0.4425000
      0.3625000
      0.2950000
      0.3625000
      0.3950000
      0.3100000
      0.2950000
      0.2950000
      0.2475000
      0.2150000
      0.0950000
     -0.0250000
     -0.1175000
     -0.2250000
     -0.3075000
     -0.3850000
     -0.5450000
     -0.6425000
     -0.6850000
     -0.6750000
     -0.7150000
     -0.8250000
     -0.8650000
     -0.9850000
     -1.0375000
     -1.1150000
     -1.1600000
     -1.1950000
     -1.2150000
     -1.2650000
     -1.3050000
     -1.3300000
     -1.2650000
     -1.2400000
     -1.3850000
     -1.4250000
     -1.3475000
     -1.3350000
     -1.4400000
     -1.4650000
     -1.5350000
     -1.5950000
     -1.7175000
     -1.8350000
     -1.9850000
     -2.1050000
     -2.1450000
     -2.2250000
     -2.2700000
     -2.2750000
     -2.4250000
     -2.4475000
     -2.3975000
     -2.3975000
     -2.3975000
     -2.3975000
     -2.3975000
     -2.3975000
     -2.3975000
     -2.4000000
     -2.4025000
     -2.4025000
     -2.4025000
     -2.4000000
     -2.3975000
     -2.3975000
     -2.3975000
     -2.4025000
     -2.4025000
     -2.4025000
     -2.4000000
     -2.4000000
     -2.3975000
     -2.4000000
     -2.3975000
     -2.3950000
     -2.3950000
     -2.3750000
     -2.0700000
     -1.9150000
     -1.8425000
     -1.7050000
     -1.6375000
     -1.5950000
     -1.6300000
     -1.6250000
     -1.5475000
     -1.4750000
     -1.4100000
     -1.2825000
     -1.2500000
     -1.2350000
     -1.1600000
     -1.0825000
     -0.9950000
     -0.8825000
     -0.7050000
     -0.6075000
     -0.5675000
     -0.5850000
     -0.5300000
     -0.5350000
     -0.4650000
     -0.3975000
     -0.3750000
     -0.2900000
     -0.1850000
     -0.1450000
     -0.0750000
     -0.0550000
      0.0050000
      0.0750000
      0.1300000
      0.2375000
      0.2750000
      0.3125000
      0.3700000
      0.4250000
      0.4900000
      0.5350000
      0.5750000
      0.5950000
      0.6050000
      0.6750000
      0.7850000
      0.8900000
      0.9650000
      1.0350000
      1.0850000
      1.1600000
      1.1850000
      1.2250000
      1.2950000
      1.3225000
      1.2900000
      1.2850000
      1.2550000
      1.2550000
      1.2550000
      1.2550000
      1.3450000
      1.4150000
      1.3950000
      1.3950000
      1.4650000
      1.5550000
      1.6750000
      1.7350000
      1.7650000
      1.8150000
      1.9450000
      2.0000000
      2.0450000
      2.1050000
      2.2750000
      2.3350000
      2.3750000
      2.4050000
      2.4350000
      2.4300000
      2.3450000
      2.2450000
      2.1950000
      2.1450000
      2.1250000
      2.0550000
      2.0100000
      2.0050000
      1.9750000
      2.0050000
      2.0450000
      2.0125000
      2.0325000
      2.0450000
      2.0450000
      2.0550000
      2.0250000
      1.9950000
      2.0550000
      2.0050000
      1.9250000
      1.8550000
      1.7900000
      1.7325000
      1.7050000
      1.6900000
      1.7050000
      1.6850000
      1.6350000
      1.6425000
      1.6250000
      1.5750000
      1.5150000
      1.4425000
      1.3850000
      1.2850000
      1.2025000
      1.1450000
      1.0850000
      1.0650000
      1.0150000
      0.9350000
      0.9150000
      0.8550000
      0.7925000
      0.7725000
      0.7900000
      0.6500000
      0.5650000
      0.4950000
      0.4800000
      0.4550000
      0.4150000
      0.3950000
      0.2750000
      0.2050000
      0.2250000
      0.1750000
      0.0950000
      0.0325000
     -0.0250000
     -0.1150000
     -0.2250000
     -0.1675000
     -0.1450000
     -0.1900000
     -0.2150000
     -0.3050000
     -0.2475000
     -0.1450000
     -0.2100000
     -0.2850000
     -0.1850000
     -0.2400000
     -0.3450000
     -0.5150000
     -0.5750000
     -0.5550000
     -0.6650000
     -0.8250000
     -0.9300000
     -0.9850000
     -0.9950000
     -1.0650000
     -1.1475000
     -1.2425000
     -1.2600000
     -1.3550000
     -1.4275000
     -1.5150000
     -1.6300000
     -1.6550000
     -1.5650000
     -1.5775000
     -1.7050000
     -1.7900000
     -1.9650000
     -2.0550000
     -2.0950000
     -2.1050000
     -2.0425000
     -2.0550000
     -2.0650000
     -2.0800000
     -2.0250000
     -1.9850000
     -1.9225000
     -1.8100000
     -1.7225000
     -1.6250000
     -1.6025000
     -1.4950000
     -1.3850000
     -1.3125000
     -1.2650000
     -1.0950000
     -0.9175000
     -0.8800000
     -0.8650000
     -0.7475000
     -0.6675000
     -0.6650000
     -0.6000000
     -0.4750000
     -0.2250000
     -0.0650000
      0.0450000
      0.0400000
      0.1350000
      0.1925000
      0.1950000
      0.1950000
      0.2000000
      0.2750000
      0.2350000
      0.2750000
      0.3200000
      0.4050000
      0.5225000
      0.5350000
      0.6050000
      0.7350000
      0.7150000
      0.6950000
      0.6650000
      0.7225000
      0.7350000
      0.8000000
      0.7750000
      0.7350000
      0.7450000
      0.7350000
      0.7300000
      0.7750000
      0.8000000
      0.8825000
      0.9850000
      1.0350000
      1.0850000
      1.1350000
      1.1450000
      1.1750000
      1.2550000
      1.3050000
      1.3550000
      1.4550000
      1.4725000
      1.5050000
      1.5150000
      1.4825000
      1.5750000
      1.6400000
      1.6850000
      1.7100000
      1.7250000
      1.7350000
      1.7950000
      1.8150000
      1.8550000
      1.8950000
      1.9650000
      1.9850000
      2.0550000
      2.0850000
      2.1050000
      2.0950000
      2.1300000
      2.1750000
      2.2050000
      2.2425000
      2.2550000
      2.2450000
      2.2550000
      2.3550000
      2.5150000
      2.5850000
      2.5700000
      2.5350000
      2.4925000
      2.4950000
      2.4850000
      2.4750000
      2.4550000
      2.5225000
      2.4950000
      2.4350000
      2.3950000
      2.3450000
      2.3350000
      2.3175000
      2.2750000
      2.1750000
      2.1900000
      2.2150000
      2.2150000
      2.1750000
      2.1350000
      2.1750000
      2.1250000
      2.0650000
      2.0150000
      2.0150000
      1.9650000
      1.9850000
      2.0150000
      2.0500000
      1.9950000
      1.9450000
      1.8350000
      1.7850000
      1.7850000
      1.7350000
      1.6850000
      1.6650000
      1.5550000
      1.5200000
      1.5250000
      1.5550000
      1.4550000
      1.5250000
      1.4750000
      1.3625000
      1.3225000
      1.3950000
      1.3150000
      1.2450000
      1.1450000
      1.0150000
      0.8300000
      0.8150000
      0.9350000
      1.1950000
      1.3700000
      1.5750000
      1.8400000
      2.1250000
      2.3650000
      2.5850000
      2.8550000
      3.0750000
      3.3150000
      3.4150000
      3.5750000
      3.6750000
      3.7050000
      3.7350000
      3.7550000
      3.7350000
      3.7050000
      3.6350000
      3.5550000
      3.4550000
      3.3350000
      3.1950000
      3.0750000
      2.9550000
      2.8450000
      2.7150000
      2.5925000
      2.4750000
      2.3450000
      2.2150000
      2.0950000
      1.9750000
      1.8550000
      1.7450000
      1.6500000
      1.5650000
      1.4750000
      1.3750000
      1.2950000
      1.2100000
      1.1350000
      1.0700000
      1.0050000
      0.9350000
      0.8900000
      0.8350000
      0.7950000
      0.7550000
      0.7200000
      0.6900000
      0.6550000
      0.6150000
      0.6000000
      0.5750000
      0.5450000
      0.5150000
      0.4850000
      0.4550000
      0.4250000
      0.4150000
      0.4050000
      0.3950000
      0.3650000
      0.3500000
      0.3500000
      0.3450000
      0.3300000
      0.3200000
      0.2950000
      0.2900000
      0.2825000
      0.2550000
      0.2550000
      0.2550000
      0.2500000
      0.2400000
      0.2350000
      0.2350000
      0.2400000
      0.2375000
      0.2450000
      0.2500000
      0.2550000
      0.2450000
      0.2450000
      0.2450000
      0.2450000
      0.2350000
      0.2250000
      0.2150000
      0.2150000
      0.2050000
      0.2000000
      0.1925000
      0.1850000
      0.1750000
      0.1750000
      0.1650000
      0.1650000
      0.1600000
      0.1500000
      0.1350000
      0.1350000
      0.1350000
      0.1350000
      0.1350000
      0.1350000
      0.1325000
      0.1250000
      0.1150000
      0.1125000
      0.1150000
      0.1150000
      0.1150000
      0.1150000
      0.1225000
      0.1150000
      0.1100000
      0.1050000
      0.0950000
      0.0950000
      0.0950000
      0.0950000
      0.0950000
      0.0925000
      0.0900000
      0.0900000
      0.0875000
      0.0875000
      0.0850000
      0.0850000
      0.0850000
      0.0850000
      0.0775000
      0.0725000
      0.0700000
      0.0775000
      0.0650000
      0.0550000
      0.0550000
      0.0550000
      0.0550000
      0.0525000
      0.0525000
      0.0500000
      0.0450000
      0.0425000
      0.0400000
      0.0400000
      0.0300000
      0.0250000
      0.0150000
      0.0250000
      0.0250000
      0.0150000
      0.0150000
      0.0150000
      0.0150000
      0.0100000
      0.0125000
      0.0100000
      0.0100000
      0.0025000
      0.0000000
      0.0000000
      0.0000000
     -0.0250000
     -0.0250000
     -0.0150000
     -0.0150000
     -0.0250000
     -0.0250000
     -0.0250000
     -0.0250000
     -0.0250000
     -0.0300000
     -0.0300000
     -0.0275000
     -0.0300000
     -0.0350000
     -0.0350000
     -0.0350000
     -0.0350000
     -0.0450000
     -0.0450000
     -0.0375000
     -0.0350000
     -0.0450000
     -0.0450000
     -0.0450000
     -0.0400000
     -0.0500000
     -0.0500000
     -0.0550000
     -0.0450000
     -0.0550000
     -0.0550000
     -0.0650000
     -0.0650000
     -0.0650000
     -0.0650000
     -0.0650000
     -0.0650000
     -0.0650000
     -0.0650000
     -0.0675000
     -0.0650000
     -0.0650000
     -0.0700000
     -0.0700000
     -0.0700000
     -0.0675000
     -0.0750000
     -0.0750000
     -0.0750000
     -0.0750000
     -0.0775000
     -0.0775000
     -0.0750000
     -0.0750000
     -0.0800000
     -0.0800000
     -0.0800000
     -0.0800000
     -0.0850000
     -0.0875000
     -0.0875000
     -0.0825000
     -0.0850000
     -0.0900000
     -0.0900000
     -0.1050000
     -0.0950000
     -0.1050000
     -0.1050000
     -0.0950000
     -0.0950000
     -0.1050000
     -0.1050000
     -0.1050000
     -0.1050000
     -0.1050000
     -0.1050000
     -0.1050000
     -0.1050000
     -0.1050000
     -0.1050000
     -0.1075000
     -0.1050000
     -0.1050000
     -0.1050000
     -0.1050000
     -0.1050000
     -0.1050000
     -0.1075000
     -0.1075000
     -0.1050000
     -0.1100000
     -0.1075000
     -0.1075000
     -0.1050000
     -0.1050000
     -0.1050000
     -0.1100000
     -0.1075000
     -0.1050000
     -0.1050000
     -0.1050000
     -0.1050000
     -0.1050000
     -0.1075000
     -0.1075000
     -0.1050000
     -0.1050000
     -0.1075000
     -0.1075000
     -0.1050000
     -0.1050000
     -0.1050000
     -0.1150000
     -0.1050000
     -0.1050000
     -0.1050000
     -0.1050000
     -0.1050000
     -0.1050000
     -0.1050000
     -0.1100000
     -0.1075000
     -0.1050000
     -0.1050000
     -0.1050000
     -0.1075000
     -0.1050000
     -0.1050000
     -0.1150000
     -0.1100000
     -0.1050000
     -0.1050000
     -0.1075000
     -0.1050000
     -0.1050000
     -0.1050000
     -0.1050000
     -0.1050000
     -0.1050000
     -0.1050000
     -0.1050000
     -0.1050000
     -0.1050000
     -0.1050000
     -0.1100000
     -0.1050000
     -0.1050000
     -0.1050000
     -0.1050000
     -0.1050000
     -0.1050000
     -0.1050000
     -0.1050000
     -0.1050000
     -0.1050000
     -0.1050000
     -0.1050000
     -0.1050000
     -0.1050000
     -0.1050000
     -0.1050000
     -0.1050000
     -0.1050000
     -0.1050000
     -0.1050000
     -0.1050000
     -0.1050000
     -0.1050000
     -0.1050000
     -0.1050000
     -0.1050000
     -0.1050000
     -0.1050000
     -0.1050000
     -0.1050000
     -0.1050000
     -0.1050000
     -0.1050000
     -0.1050000
     -0.1050000
     -0.1050000
     -0.1050000
     -0.1050000
     -0.1050000
     -0.1050000
     -0.1050000
     -0.1050000
     -0.1050000
     -0.1050000
     -0.1050000
     -0.1050000
     -0.1050000
     -0.1050000
     -0.1050000
     -0.1050000
     -0.1050000
     -0.1050000
     -0.1050000
     -0.1050000
     -0.1050000
     -0.1050000
     -0.1050000
     -0.1050000
     -0.1050000
     -0.1050000
     -0.1050000
     -0.1050000
     -0.1075000
     -0.1150000
     -0.1075000
     -0.1050000
     -0.1100000
     -0.1100000
     -0.1050000
     -0.1050000
     -0.1100000
     -0.1150000
     -0.1075000
     -0.1100000
     -0.1150000
     -0.1150000
     -0.1100000
     -0.1150000
     -0.1150000
     -0.1200000
     -0.1150000
     -0.1150000
     -0.1150000
     -0.1150000
     -0.1150000
     -0.1150000
     -0.1150000
     -0.1150000
     -0.1150000
     -0.1150000
     -0.1150000
     -0.1150000
     -0.1150000
     -0.1150000
     -0.1100000
     -0.1250000
     -0.1175000
     -0.1150000
     -0.1150000
     -0.1200000
     -0.1175000
     -0.1150000
     -0.1150000
     -0.1175000
     -0.1200000
     -0.1150000
     -0.1150000
     -0.1175000
     -0.1200000
     -0.1175000
     -0.1150000
     -0.1250000
     -0.1200000
     -0.1200000
     -0.1175000
     -0.1150000
     -0.1200000
     -0.1200000
     -0.1175000
     -0.1150000
     -0.1250000
     -0.1200000
     -0.1225000
     -0.1150000
     -0.1250000
     -0.1250000
     -0.1200000
     -0.1250000
     -0.1250000
     -0.1275000
     -0.1250000
     -0.1250000
     -0.1250000
     -0.1250000
     -0.1250000
     -0.1250000
     -0.1350000
     -0.1300000
     -0.1250000
     -0.1250000
     -0.1250000
     -0.1275000
     -0.1250000
     -0.1350000
     -0.1250000
     -0.1275000
     -0.1250000
     -0.1250000
     -0.1200000
     -0.1250000
     -0.1250000
     -0.1250000
     -0.1200000
     -0.1250000
     -0.1275000
     -0.1250000
     -0.1200000
     -0.1250000
     -0.1250000
     -0.1350000
     -0.1250000
     -0.1250000
     -0.1275000
     -0.1200000
     -0.1250000
     -0.1250000
     -0.1250000
     -0.1250000
     -0.1200000
     -0.1200000
     -0.1250000
     -0.1250000
     -0.1200000
     -0.1150000
     -0.1250000
     -0.1300000
     -0.1200000
     -0.1175000
     -0.1250000
     -0.1250000
     -0.1200000
     -0.1175000
     -0.1200000
     -0.1175000
     -0.1175000
     -0.1175000
     -0.1200000
     -0.1200000
     -0.1150000
     -0.1150000
     -0.1150000
     -0.1250000
     -0.1175000
     -0.1150000
     -0.1150000
     -0.1200000
     -0.1150000
     -0.1150000
     -0.1150000
     -0.1150000
     -0.1175000
     -0.1150000
     -0.1150000
     -0.1175000
     -0.1175000
     -0.1150000
     -0.1100000
     -0.1225000
     -0.1150000
     -0.1150000
     -0.1150000
     -0.1175000
     -0.1175000
     -0.1150000
     -0.1150000
     -0.1150000
     -0.1150000
     -0.1150000
     -0.1150000
     -0.1150000
     -0.1175000
     -0.1150000
     -0.1100000
     -0.1175000
     -0.1150000
     -0.1150000
     -0.1150000
     -0.1100000
     -0.1150000
     -0.1100000
     -0.1150000
     -0.1050000
     -0.1150000
     -0.1150000
     -0.1150000
     -0.1100000
     -0.1150000
     -0.1150000
     -0.1100000
     -0.1150000
     -0.1150000
     -0.1150000
     -0.1100000
     -0.1075000
     -0.1150000
     -0.1150000
     -0.1150000
     -0.1100000
     -0.1100000
     -0.1150000
     -0.1150000
     -0.1150000
     -0.1100000
     -0.1100000
     -0.1150000
     -0.1150000
     -0.1075000
     -0.1150000
     -0.1150000
     -0.1150000
     -0.1100000
     -0.1150000
     -0.1150000
     -0.1150000
     -0.1100000
     -0.1150000
     -0.1150000
     -0.1150000
     -0.1150000
     -0.1150000
     -0.1150000
     -0.1175000
     -0.1150000
     -0.1150000
     -0.1175000
     -0.1175000
     -0.1150000
     -0.1100000
     -0.1150000
     -0.1150000
     -0.1150000
     -0.1150000
     -0.1150000
     -0.1150000
     -0.1150000
     -0.1100000
     -0.1150000
     -0.1200000
     -0.1150000
     -0.1150000
     -0.1175000
     -0.1150000
     -0.1150000
     -0.1150000
     -0.1150000
     -0.1150000
     -0.1150000
     -0.1150000
     -0.1150000
     -0.1200000
     -0.1150000
     -0.1150000
     -0.1150000
     -0.1250000
     -0.1150000
     -0.1150000
     -0.1150000
     -0.1175000
     -0.1175000
     -0.1150000
     -0.1100000
     -0.1200000
     -0.1150000
     -0.1175000
     -0.1150000
     -0.1200000
     -0.1200000
     -0.1175000
     -0.1175000
     -0.1275000
     -0.1250000
     -0.1200000
     -0.1200000
     -0.1225000
     -0.1250000
     -0.1200000
     -0.1250000
     -0.1250000
     -0.1250000
     -0.1250000
     -0.1250000
     -0.1250000
     -0.1275000
     -0.1275000
     -0.1250000
     -0.1275000
     -0.1250000
     -0.1250000
     -0.1275000
     -0.1225000
     -0.1300000
     -0.1275000
     -0.1275000
     -0.1250000
     -0.1250000
     -0.1300000
     -0.1250000
     -0.1250000
     -0.1275000
     -0.1275000
     -0.1250000
     -0.1300000
     -0.1250000
     -0.1250000
     -0.1250000
     -0.1250000
     -0.1275000
     -0.1250000
     -0.1250000
     -0.1250000
     -0.1250000
     -0.1250000
     -0.1250000
     -0.1225000
     -0.1200000
     -0.1275000
     -0.1250000
     -0.1300000
     -0.1200000
     -0.1250000
     -0.1250000
     -0.1250000
     -0.1250000
     -0.1250000
     -0.1250000
     -0.1250000
     -0.1200000
     -0.1250000
     -0.1250000
     -0.1250000
     -0.1200000
     -0.1250000
     -0.1250000
     -0.1250000
     -0.1200000
     -0.1175000
     -0.1250000
     -0.1200000
     -0.1200000
     -0.1175000
     -0.1200000
     -0.1200000
     -0.1150000
     -0.1150000
     -0.1150000
     -0.1200000
     -0.1150000
     -0.1150000
     -0.1175000
     -0.1250000
     -0.1150000
     -0.1100000
     -0.1150000
     -0.1150000
     -0.1150000
     -0.1100000
     -0.1150000
     -0.1150000
     -0.1150000
     -0.1150000
     -0.1150000
     -0.1150000
     -0.1150000
     -0.1150000
     -0.1075000
     -0.1175000
     -0.1100000
     -0.1100000
     -0.1075000
     -0.1150000
     -0.1150000
     -0.1150000
     -0.1075000
     -0.1150000
     -0.1100000
     -0.1100000
     -0.1075000
     -0.1100000
     -0.1100000
     -0.1150000
     -0.1050000
     -0.1150000
     -0.1100000
     -0.1050000
     -0.1050000
     -0.1050000
     -0.1075000
     -0.1100000
     -0.1075000
     -0.1050000
     -0.1075000
     -0.1100000
     -0.1050000
     -0.1050000
     -0.1100000
     -0.1100000
     -0.1050000
     -0.1075000
     -0.1100000
     -0.1100000
     -0.1075000
     -0.1050000
     -0.1150000
     -0.1100000
     -0.1075000
     -0.1050000
     -0.1100000
     -0.1050000
     -0.1050000
     -0.1050000
     -0.1075000
     -0.1100000
     -0.1050000
     -0.1100000
     -0.1050000
     -0.1050000
     -0.1050000
     -0.1050000
     -0.1050000
     -0.1050000
     -0.1050000
     -0.1050000
     -0.1050000
     -0.1050000
     -0.1050000
     -0.1050000
     -0.1050000
     -0.1100000
     -0.1100000
     -0.1150000
     -0.1050000
     -0.1075000
     -0.1100000
     -0.1075000
     -0.1075000
     -0.1100000
     -0.1100000
     -0.1100000
     -0.1050000
     -0.1075000
     -0.1100000
     -0.1075000
     -0.1075000
     -0.1100000
     -0.1150000
     -0.1150000
     -0.1050000
     -0.1050000
     -0.1150000
     -0.1150000
     -0.1075000
     -0.1050000
     -0.1150000
     -0.1150000
     -0.1100000
     -0.1050000
     -0.1100000
     -0.1150000
     -0.1150000
     -0.1100000
     -0.1100000
     -0.1200000
     -0.1150000
     -0.1075000
     -0.1150000
     -0.1150000
     -0.1100000
     -0.1150000
     -0.1150000
     -0.1175000
     -0.1150000
     -0.1150000
     -0.1150000
     -0.1150000
     -0.1150000
     -0.1150000
     -0.1150000
     -0.1250000
     -0.1175000
     -0.1150000
     -0.1150000
     -0.1150000
     -0.1200000
     -0.1150000
     -0.1150000
     -0.1200000
     -0.1175000
     -0.1150000
     -0.1150000
     -0.1175000
     -0.1150000
     -0.1150000
     -0.1150000
     -0.1250000
     -0.1175000
     -0.1150000
     -0.1150000
     -0.1150000
     -0.1150000
     -0.1150000
     -0.1150000
     -0.1150000
     -0.1150000
     -0.1150000
     -0.1150000
     -0.1075000
     -0.1150000
     -0.1150000
     -0.1150000
     -0.1150000
     -0.1150000
     -0.1150000
     -0.1150000
     -0.1075000
     -0.1150000
     -0.1150000
     -0.1150000
     -0.1100000
     -0.1150000
     -0.1150000
     -0.1100000
     -0.1075000
     -0.1150000
     -0.1150000
     -0.1100000
     -0.1150000
     -0.1050000
     -0.1100000
     -0.1075000
     -0.1050000
     -0.1050000
     -0.1050000
     -0.1100000
     -0.1075000
     -0.1050000
     -0.1050000
     -0.1075000
     -0.1050000
     -0.1050000
     -0.1100000
     -0.1075000
     -0.1150000
     -0.1050000
     -0.1075000
     -0.1075000
     -0.1050000
     -0.1050000
     -0.1050000
     -0.1075000
     -0.1075000
     -0.1050000
     -0.1075000
     -0.1075000
     -0.1050000
     -0.1050000
     -0.1050000
     -0.1050000
     -0.1150000
     -0.1050000
     -0.1050000
     -0.1050000
     -0.1050000
     -0.1050000
     -0.1050000
     -0.1050000
     -0.1050000
     -0.1050000
     -0.1050000
     -0.1050000
     -0.1050000
     -0.1050000
     -0.1050000
     -0.1050000
     -0.1150000
     -0.1050000
     -0.1050000
     -0.1050000
     -0.1050000
     -0.1050000
     -0.1050000
     -0.1050000
     -0.1050000
     -0.1050000
     -0.1050000
     -0.1050000
     -0.1050000
     -0.1050000
     -0.1050000
     -0.0950000
     -0.1050000
     -0.1050000
     -0.1050000
     -0.0950000
     -0.1050000
     -0.1050000
     -0.1050000
     -0.1050000
     -0.1050000
     -0.1050000
     -0.1050000
     -0.1050000
     -0.1050000
     -0.1050000
     -0.1050000
     -0.1050000
     -0.1050000
     -0.1050000
     -0.1050000
     -0.1050000
     -0.1050000
     -0.1050000
     -0.1050000
     -0.1050000
     -0.1050000
     -0.1050000
     -0.1050000
     -0.1050000
     -0.1050000
     -0.1050000
     -0.1050000
     -0.1050000
     -0.1050000
     -0.1050000
     -0.1050000
     -0.1050000
     -0.1050000
     -0.1050000
     -0.1050000
     -0.1050000
     -0.1050000
     -0.1050000
     -0.1075000
     -0.1050000
     -0.1050000
     -0.1050000
     -0.1050000
     -0.1050000
     -0.1100000
     -0.1050000
     -0.1075000
     -0.1050000
     -0.1050000
     -0.1050000
     -0.1075000
     -0.1050000
     -0.1050000
     -0.1050000
     -0.1050000
     -0.1050000
     -0.1050000
     -0.1050000
     -0.1050000
     -0.1050000
     -0.1150000
     -0.1050000
     -0.1050000
     -0.1050000
     -0.1050000
     -0.1050000
     -0.1050000
     -0.1050000
     -0.1075000
     -0.1075000
     -0.1050000
     -0.1150000
     -0.1075000
     -0.1050000
     -0.1050000
     -0.1150000
     -0.1175000
     -0.1100000
     -0.1050000
     -0.1100000
     -0.1100000
     -0.1100000
     -0.1075000
     -0.1150000
     -0.1150000
     -0.1150000
     -0.1100000
     -0.1150000
     -0.1150000
     -0.1150000
     -0.1150000
     -0.1150000
     -0.1200000
     -0.1150000
     -0.1150000
     -0.1150000
     -0.1150000
     -0.1150000
     -0.1150000
     -0.1150000
     -0.1175000
     -0.1150000
     -0.1150000
     -0.1150000
     -0.1150000
     -0.1150000
     -0.1150000
     -0.1100000
     -0.1250000
     -0.1150000
     -0.1150000
     -0.1150000
     -0.1150000
     -0.1150000
     -0.1175000
     -0.1150000
     -0.1175000
     -0.1200000
     -0.1175000
     -0.1150000
     -0.1150000
     -0.1150000
     -0.1150000
     -0.1150000
     -0.1200000
     -0.1200000
     -0.1150000
     -0.1150000
     -0.1150000
     -0.1150000
     -0.1150000
     -0.1150000
     -0.1150000
     -0.1150000
     -0.1175000
     -0.1150000
     -0.1050000
     -0.1150000
     -0.1150000
     -0.1150000
     -0.1150000
     -0.1150000
     -0.1150000
     -0.1150000
     -0.1075000
     -0.1150000
     -0.1150000
     -0.1100000
     -0.1100000
     -0.1100000
     -0.1150000
     -0.1150000
     -0.1075000
     -0.1050000
     -0.1100000
     -0.1100000
     -0.1150000
     -0.1050000
     -0.1100000
     -0.1150000
     -0.1075000
     -0.1050000
     -0.1150000
     -0.1100000
     -0.1100000
     -0.1050000
     -0.1100000
     -0.1150000
     -0.1075000
     -0.1050000
     -0.1100000
     -0.1100000
     -0.1150000
     -0.1050000
     -0.1100000
     -0.1100000
     -0.1075000
     -0.1050000
     -0.1050000
     -0.1100000
     -0.1050000
     -0.1050000
     -0.1050000
     -0.1075000
     -0.1050000
     -0.1050000
     -0.1050000
     -0.1050000
     -0.1150000
     -0.1050000
     -0.1050000
     -0.1075000
     -0.1050000
     -0.1050000
     -0.1050000
     -0.1050000
     -0.1050000
     -0.1050000
     -0.1050000
     -0.1050000
     -0.1050000
     -0.1050000
     -0.1050000
     -0.1050000
     -0.1150000
     -0.1075000
     -0.1050000
     -0.1050000
     -0.1100000
     -0.1050000
     -0.1075000
     -0.1050000
     -0.1100000
     -0.1100000
     -0.1100000
     -0.1075000
     -0.1150000
     -0.1100000
     -0.1100000
     -0.1100000
     -0.1175000
     -0.1150000
     -0.1150000
     -0.1075000
     -0.1150000
     -0.1150000
     -0.1150000
     -0.1100000
     -0.1150000
     -0.1150000
     -0.1150000
     -0.1150000
     -0.1150000
     -0.1150000
     -0.1150000
     -0.1150000
     -0.1150000
     -0.1175000
     -0.1150000
     -0.1150000
     -0.1100000
     -0.1150000
     -0.1150000
     -0.1150000
     -0.1150000
     -0.1150000
     -0.1200000
     -0.1150000
     -0.1150000
     -0.1150000
     -0.1200000
     -0.1150000
     -0.1200000
     -0.1200000
     -0.1175000
     -0.1175000
     -0.1150000
     -0.1200000
     -0.1200000
     -0.1175000
     -0.1175000
     -0.1175000
     -0.1250000
     -0.1200000
     -0.1200000
     -0.1175000
     -0.1200000
     -0.1200000
     -0.1250000
     -0.1150000
     -0.1250000
     -0.1250000
     -0.1225000
     -0.1175000
     -0.1200000
     -0.1250000
     -0.1250000
     -0.1175000
     -0.1250000
     -0.1250000
     -0.1250000
     -0.1200000
     -0.1250000
     -0.1250000
     -0.1350000
     -0.1250000
     -0.1250000
     -0.1250000
     -0.1250000
     -0.1250000
     -0.1200000
     -0.1250000
     -0.1250000
     -0.1250000
     -0.1225000
     -0.1275000
     -0.1250000
     -0.1250000
     -0.1200000
     -0.1250000
     -0.1350000
     -0.1250000
     -0.1175000
     -0.1275000
     -0.1250000
     -0.1250000
     -0.1200000
     -0.1250000
     -0.1250000
     -0.1200000
     -0.1200000
     -0.1250000
     -0.1250000
     -0.1200000
     -0.1200000
     -0.1175000
     -0.1250000
     -0.1250000
     -0.1200000
     -0.1175000
     -0.1250000
     -0.1250000
     -0.1200000
     -0.1175000
     -0.1250000
     -0.1250000
     -0.1250000
     -0.1175000
     -0.1250000
     -0.1225000
     -0.1200000
     -0.1150000
     -0.1250000
     -0.1250000
     -0.1175000
     -0.1175000
     -0.1200000
     -0.1200000
     -0.1200000
     -0.1150000
     -0.1175000
     -0.1175000
     -0.1200000
     -0.1175000
     -0.1150000
     -0.1200000
     -0.1200000
     -0.1175000
     -0.1175000
     -0.1175000
     -0.1175000
     -0.1150000
     -0.1150000
     -0.1175000
     -0.1175000
     -0.1150000
     -0.1150000
     -0.1150000
     -0.1150000
     -0.1175000
     -0.1150000
     -0.1150000
     -0.1175000
     -0.1150000
     -0.1175000
     -0.1150000
     -0.1175000
     -0.1175000
     -0.1150000
     -0.1150000
     -0.1200000
     -0.1175000
     -0.1150000
     -0.1150000
     -0.1150000
     -0.1175000
     -0.1150000
     -0.1150000
     -0.1200000
     -0.1150000
     -0.1200000
     -0.1100000
     -0.1150000
     -0.1175000
     -0.1150000
     -0.1150000
     -0.1150000
     -0.1150000
     -0.1150000
     -0.1150000
     -0.1150000
     -0.1150000
     -0.1150000
     -0.1150000
     -0.1150000
     -0.1150000
     -0.1200000
     -0.1150000
     -0.1150000
     -0.1175000
     -0.1150000
     -0.1150000
     -0.1100000
     -0.1150000
     -0.1150000
     -0.1150000
     -0.1150000
     -0.1150000
     -0.1150000
     -0.1150000
     -0.1150000
     -0.1150000
     -0.1200000
     -0.1150000
