     -2.0475000
     -2.0775000
     -2.1100000
     -2.1450000
     -2.1750000
     -2.2000000
     -2.2250000
     -2.2475000
     -2.2775000
     -2.3050000
     -2.3200000
     -2.3450000
     -2.3700000
     -2.3950000
     -2.4150000
     -2.4300000
     -2.4650000
     -2.4750000
     -2.5050000
     -2.5150000
     -2.5450000
     -2.5600000
     -2.5850000
     -2.5950000
     -2.6250000
     -2.6375000
     -2.6650000
     -2.6750000
     -2.6950000
     -2.7175000
     -2.7450000
     -2.7550000
     -2.7750000
     -2.7900000
     -2.8150000
     -2.8350000
     -2.8500000
     -2.8700000
     -2.8900000
     -2.9050000
     -2.9200000
     -2.9450000
     -2.9625000
     -2.9850000
     -2.9950000
     -3.0250000
     -3.0375000
     -3.0650000
     -3.0750000
     -3.0950000
     -3.1150000
     -3.1300000
     -3.1450000
     -3.1700000
     -3.1875000
     -3.2025000
     -3.2250000
     -3.2450000
     -3.2650000
     -3.2775000
     -3.3050000
     -3.3150000
     -3.3350000
     -3.3550000
     -3.3700000
     -3.3850000
     -3.4075000
     -3.4250000
     -3.4400000
     -3.4650000
     -3.4825000
     -3.5050000
     -3.5125000
     -3.5225000
     -3.5550000
     -3.5750000
     -3.5850000
     -3.6000000
     -3.6250000
     -3.6400000
     -3.6550000
     -3.6650000
     -3.6775000
     -3.6825000
     -3.6825000
     -3.6950000
     -3.6950000
     -3.6825000
     -3.6800000
     -3.6750000
     -3.6650000
     -3.6650000
     -3.6500000
     -3.6350000
     -3.6250000
     -3.6250000
     -3.6000000
     -3.5850000
     -3.5675000
     -3.5550000
     -3.5450000
     -3.5275000
     -3.5075000
     -3.4975000
     -3.4775000
     -3.4650000
     -3.4400000
     -3.4300000
     -3.4150000
     -3.3950000
     -3.3850000
     -3.3575000
     -3.3450000
     -3.3250000
     -3.3050000
     -3.2875000
     -3.2700000
     -3.2550000
     -3.2350000
     -3.2250000
     -3.1975000
     -3.1850000
     -3.1600000
     -3.1450000
     -3.1225000
     -3.1075000
     -3.0875000
     -3.0650000
     -3.0650000
     -3.0300000
     -3.0150000
     -2.9950000
     -2.9850000
     -2.9600000
     -2.9450000
     -2.9175000
     -2.9050000
     -2.8800000
     -2.8650000
     -2.8425000
     -2.8275000
     -2.8150000
     -2.7900000
     -2.7700000
     -2.7475000
     -2.7450000
     -2.7150000
     -2.6950000
     -2.6700000
     -2.6650000
     -2.6375000
     -2.6250000
     -2.5950000
     -2.5850000
     -2.5600000
     -2.5450000
     -2.5200000
     -2.5050000
     -2.4825000
     -2.4650000
     -2.4450000
     -2.4300000
     -2.4100000
     -2.3900000
     -2.3650000
     -2.3550000
     -2.3350000
     -2.3150000
     -2.2900000
     -2.2700000
     -2.2650000
     -2.2325000
     -2.2150000
     -2.1900000
     -2.1850000
     -2.1550000
     -2.1350000
     -2.1100000
     -2.1050000
     -2.0800000
     -2.0650000
     -2.0450000
     -2.0425000
     -2.0350000
     -2.0300000
     -2.0275000
     -2.0350000
     -2.0375000
     -2.0400000
     -2.0475000
     -2.0650000
     -2.0725000
     -2.0800000
     -2.0950000
     -2.1075000
     -2.1250000
     -2.1350000
     -2.1500000
     -2.1625000
     -2.1850000
     -2.2000000
     -2.2150000
     -2.2300000
     -2.2650000
     -2.2750000
     -2.2875000
     -2.3050000
     -2.3225000
     -2.3450000
     -2.3600000
     -2.3750000
     -2.3950000
     -2.4250000
     -2.4350000
     -2.4550000
     -2.4750000
     -2.4950000
     -2.5075000
     -2.5225000
     -2.5450000
     -2.5625000
     -2.5850000
     -2.6050000
     -2.6250000
     -2.6425000
     -2.6650000
     -2.6775000
     -2.6950000
     -2.7175000
     -2.7450000
     -2.7550000
     -2.7750000
     -2.7950000
     -2.8150000
     -2.8300000
     -2.8450000
     -2.8675000
     -2.8875000
     -2.9050000
     -2.9250000
     -2.9450000
     -2.9600000
     -2.9850000
     -2.9950000
     -3.0250000
     -3.0375000
     -3.0650000
     -3.0750000
     -3.0950000
     -3.1100000
     -3.1275000
     -3.1450000
     -3.1600000
     -3.1850000
     -3.2000000
     -3.2250000
     -3.2350000
     -3.2650000
     -3.2800000
     -3.3050000
     -3.3100000
     -3.3350000
     -3.3550000
     -3.3700000
     -3.3850000
     -3.4050000
     -3.4250000
     -3.4375000
     -3.4650000
     -3.4750000
     -3.5050000
     -3.5150000
     -3.5350000
     -3.5475000
     -3.5700000
     -3.5850000
     -3.6000000
     -3.6250000
     -3.6375000
     -3.6550000
     -3.6675000
     -3.6750000
     -3.6875000
     -3.6950000
     -3.6950000
     -3.6900000
     -3.6950000
     -3.6850000
     -3.6775000
     -3.6650000
     -3.6650000
     -3.6550000
     -3.6375000
     -3.6275000
     -3.6250000
     -3.6075000
     -3.5900000
     -3.5750000
     -3.5650000
     -3.5500000
     -3.5450000
     -3.5150000
     -3.5050000
     -3.4850000
     -3.4700000
     -3.4500000
     -3.4350000
     -3.4250000
     -3.3975000
     -3.3850000
     -3.3600000
     -3.3500000
     -3.3350000
     -3.3100000
     -3.2900000
     -3.2750000
     -3.2650000
     -3.2450000
     -3.2250000
     -3.2025000
     -3.1875000
     -3.1650000
     -3.1450000
     -3.1350000
     -3.1100000
     -3.0950000
     -3.0750000
     -3.0650000
     -3.0400000
     -3.0250000
     -3.0000000
     -2.9850000
     -2.9650000
     -2.9450000
     -2.9250000
     -2.9075000
     -2.9050000
     -2.8700000
     -2.8550000
     -2.8275000
     -2.8150000
     -2.7975000
     -2.7750000
     -2.7550000
     -2.7450000
     -2.7175000
     -2.7050000
     -2.6750000
     -2.6650000
     -2.6425000
     -2.6250000
     -2.6050000
     -2.5900000
     -2.5750000
     -2.5450000
     -2.5250000
     -2.5100000
     -2.4950000
     -2.4725000
     -2.4550000
     -2.4350000
     -2.4250000
     -2.3950000
     -2.3750000
     -2.3550000
     -2.3450000
     -2.3150000
     -2.3050000
     -2.2750000
     -2.2650000
     -2.2375000
     -2.2175000
     -2.1950000
     -2.1850000
     -2.1600000
     -2.1450000
     -2.1200000
     -2.1350000
     -2.1075000
     -2.0950000
     -2.0750000
     -2.0650000
     -2.0650000
     -2.0575000
     -2.0550000
     -2.0650000
     -2.0650000
     -2.0650000
     -2.0675000
     -2.0775000
     -2.0950000
     -2.1050000
     -2.1150000
     -2.1200000
     -2.1450000
     -2.1550000
     -2.1675000
     -2.1850000
     -2.2000000
     -2.2250000
     -2.2350000
     -2.2500000
     -2.2750000
     -2.2900000
     -2.3050000
     -2.3200000
     -2.3450000
     -2.3575000
     -2.3750000
     -2.3875000
     -2.4150000
     -2.4350000
     -2.4500000
     -2.4650000
     -2.4950000
     -2.5100000
     -2.5275000
     -2.5450000
     -2.5550000
     -2.5850000
     -2.5975000
     -2.6250000
     -2.6350000
     -2.6650000
     -2.6775000
     -2.6950000
     -2.7075000
     -2.7450000
     -2.7575000
     -2.7750000
     -2.7875000
     -2.8150000
     -2.8300000
     -2.8550000
     -2.8700000
     -2.8825000
     -2.9050000
     -2.9250000
     -2.9450000
     -2.9625000
     -2.9850000
     -2.9975000
     -3.0250000
     -3.0400000
     -3.0650000
     -3.0750000
     -3.0950000
     -3.1150000
     -3.1350000
     -3.1500000
     -3.1700000
     -3.1850000
     -3.2025000
     -3.2250000
     -3.2450000
     -3.2650000
     -3.2825000
     -3.3050000
     -3.3250000
     -3.3375000
     -3.3550000
     -3.3850000
     -3.3975000
     -3.4150000
     -3.4350000
     -3.4550000
     -3.4750000
     -3.4875000
     -3.5050000
     -3.5225000
     -3.5450000
     -3.5550000
     -3.5750000
     -3.5950000
     -3.6250000
     -3.6250000
     -3.6375000
     -3.6650000
     -3.6750000
     -3.6800000
     -3.6900000
     -3.7100000
     -3.7100000
     -3.7050000
     -3.7050000
     -3.7050000
     -3.7050000
     -3.6900000
     -3.6800000
     -3.6750000
     -3.6650000
     -3.6500000
     -3.6450000
     -3.6350000
     -3.6250000
     -3.6025000
     -3.5950000
     -3.5850000
     -3.5675000
     -3.5600000
     -3.5475000
     -3.5275000
     -3.5175000
     -3.5050000
     -3.4875000
     -3.4650000
     -3.4550000
     -3.4375000
     -3.4250000
     -3.3950000
     -3.3850000
     -3.3750000
     -3.3550000
     -3.3250000
     -3.3075000
     -3.2950000
     -3.2700000
     -3.2550000
     -3.2300000
     -3.2250000
     -3.1900000
     -3.1700000
     -3.1550000
     -3.1350000
     -3.1200000
     -3.1050000
     -3.0800000
     -3.0675000
     -3.0475000
     -3.0300000
     -3.0150000
     -2.9950000
     -2.9850000
     -2.9550000
     -2.9350000
     -2.9250000
     -2.9050000
     -2.8750000
     -2.8550000
     -2.8425000
     -2.8250000
     -2.7975000
     -2.7750000
     -2.7600000
     -2.7450000
     -2.7225000
     -2.7050000
     -2.6825000
     -2.6675000
     -2.6550000
     -2.6350000
     -2.6150000
     -2.5950000
     -2.5850000
     -2.5600000
     -2.5375000
     -2.5200000
     -2.5050000
     -2.4750000
     -2.4550000
     -2.4400000
     -2.4250000
     -2.4000000
     -2.3750000
     -2.3550000
     -2.3450000
     -2.3150000
     -2.2950000
     -2.2800000
     -2.2650000
     -2.2375000
     -2.2175000
     -2.2000000
     -2.1850000
     -2.1625000
     -2.1450000
     -2.1250000
     -2.1100000
     -2.1050000
     -2.0825000
     -2.0675000
     -2.0650000
     -2.0550000
     -2.0550000
     -2.0550000
     -2.0650000
     -2.0650000
     -2.0700000
     -2.0750000
     -2.0950000
     -2.1050000
     -2.1075000
     -2.1150000
     -2.1450000
     -2.1550000
     -2.1625000
     -2.1850000
     -2.1975000
     -2.2175000
     -2.2300000
     -2.2550000
     -2.2750000
     -2.2875000
     -2.3050000
     -2.3200000
     -2.3450000
     -2.3575000
     -2.3850000
     -2.3975000
     -2.4025000
     -2.4350000
     -2.4525000
     -2.4700000
     -2.4800000
     -2.5150000
     -2.5275000
     -2.5375000
     -2.5575000
     -2.5900000
     -2.6050000
     -2.6250000
     -2.6350000
     -2.6550000
     -2.6750000
     -2.7050000
     -2.7100000
     -2.7450000
     -2.7550000
     -2.7675000
     -2.7900000
     -2.8250000
     -2.8300000
     -2.8450000
     -2.9050000
     -2.8825000
     -2.9050000
     -2.9350000
     -2.9450000
     -2.9500000
     -2.9850000
     -2.9975000
     -3.0150000
     -3.0350000
     -3.0650000
     -3.0750000
     -3.0850000
     -3.1050000
     -3.1350000
     -3.1500000
     -3.1675000
     -3.1850000
     -3.1975000
     -3.2250000
     -3.2450000
     -3.2650000
     -3.2800000
     -3.3050000
     -3.3100000
     -3.3200000
     -3.3450000
     -3.3850000
     -3.3950000
     -3.4100000
     -3.4250000
     -3.4350000
     -3.4500000
     -3.4700000
     -3.4950000
     -3.5200000
     -3.5450000
     -3.5500000
     -3.5500000
     -3.5700000
     -3.5950000
     -3.6300000
     -3.6450000
     -3.7150000
     -3.6800000
     -3.6800000
     -3.6750000
     -3.7050000
     -3.7150000
     -3.7350000
     -3.7275000
     -3.7250000
     -3.7150000
     -3.7050000
     -3.6825000
     -3.6800000
     -3.6950000
     -3.6900000
     -3.6700000
     -3.6450000
     -3.6250000
     -3.6050000
     -3.6000000
     -3.5950000
     -3.5950000
     -3.5850000
     -3.5575000
     -3.5225000
     -3.5050000
     -3.4950000
     -3.4950000
     -3.4800000
     -3.4650000
     -3.4425000
     -3.4250000
     -3.3950000
     -3.3850000
     -3.3750000
     -3.3550000
     -3.3450000
     -3.3200000
     -3.3050000
     -3.2700000
     -3.2550000
     -3.2400000
     -3.2250000
     -3.2150000
     -3.1900000
     -3.1700000
     -3.1500000
     -3.1225000
     -3.1050000
     -3.0900000
     -3.0850000
     -3.0650000
     -3.0375000
     -3.0250000
     -3.0000000
     -2.9850000
     -2.9600000
     -2.9450000
     -2.9250000
     -2.9150000
     -2.9050000
     -2.8650000
     -2.8450000
     -2.8300000
     -2.8250000
     -2.7975000
     -2.7750000
     -2.7500000
     -2.7450000
     -2.7175000
     -2.6950000
     -2.6800000
     -2.6650000
     -2.6425000
     -2.6250000
     -2.6050000
     -2.5850000
     -2.5575000
     -2.5450000
     -2.5350000
     -2.5100000
     -2.4800000
     -2.4650000
     -2.4450000
     -2.4350000
     -2.4150000
     -2.3850000
     -2.3750000
     -2.3575000
     -2.3350000
     -2.3050000
     -2.2950000
     -2.2750000
     -2.2650000
     -2.2325000
     -2.2075000
     -2.1900000
     -2.1850000
     -2.1550000
     -2.1350000
     -2.1150000
     -2.1050000
     -2.0800000
     -2.0675000
     -2.0700000
     -2.0650000
     -2.0550000
     -2.0500000
     -2.0650000
     -2.0650000
     -2.0750000
     -2.0800000
     -2.0950000
     -2.1050000
     -2.1150000
     -2.1200000
     -2.1450000
     -2.1550000
     -2.1750000
     -2.1850000
     -2.2000000
     -2.2175000
     -2.2300000
     -2.2550000
     -2.2650000
     -2.2875000
     -2.3075000
     -2.3225000
     -2.3450000
     -2.3600000
     -2.3750000
     -2.3950000
     -2.4100000
     -2.4350000
     -2.4650000
     -2.4700000
     -2.4825000
     -2.5050000
     -2.5250000
     -2.5475000
     -2.5625000
     -2.5850000
     -2.6050000
     -2.6250000
     -2.6350000
     -2.6650000
     -2.6800000
     -2.7050000
     -2.7175000
     -2.7450000
     -2.7550000
     -2.7750000
     -2.7925000
     -2.8100000
     -2.8350000
     -2.8550000
     -2.8750000
     -2.8825000
     -2.9100000
     -2.9250000
     -2.9450000
     -2.9575000
     -2.9850000
     -3.0050000
     -3.0250000
     -3.0375000
     -3.0650000
     -3.0800000
     -3.1050000
     -3.1150000
     -3.1450000
     -3.1550000
     -3.1675000
     -3.1850000
     -3.2025000
     -3.1050000
     -3.2550000
     -3.2650000
     -3.2825000
     -3.3050000
     -3.3175000
     -3.3300000
     -3.3450000
     -3.3850000
     -3.4050000
     -3.4250000
     -3.4300000
     -3.4425000
     -3.4650000
     -3.4650000
     -3.4875000
     -3.5200000
     -3.5475000
     -3.5650000
     -3.5850000
     -3.5850000
     -3.6000000
     -3.6100000
     -3.6250000
     -3.6550000
     -3.6875000
     -3.7050000
     -3.7150000
     -3.7175000
     -3.7200000
     -3.7050000
     -3.7050000
     -3.7100000
     -3.7300000
     -3.7350000
     -3.7250000
     -3.7150000
     -3.7050000
     -3.6700000
     -3.6450000
     -3.6375000
     -3.6550000
     -3.6550000
     -3.6375000
     -3.6250000
     -3.5950000
     -3.5750000
     -3.5450000
     -3.5450000
     -3.5225000
     -3.5150000
     -3.5075000
     -3.4950000
     -3.4800000
     -3.4650000
     -3.4275000
     -3.4050000
     -3.3850000
     -3.3850000
     -3.3575000
     -3.3500000
     -3.3350000
     -3.3100000
     -3.2950000
     -3.2700000
     -3.2450000
     -3.2250000
     -3.2150000
     -3.1975000
     -3.1775000
     -3.1625000
     -3.1475000
     -3.1350000
     -3.1050000
     -3.0850000
     -3.0700000
     -3.0350000
     -3.0250000
     -3.0250000
     -3.0000000
     -2.9850000
     -2.9600000
     -2.9350000
     -2.9150000
     -2.9050000
     -2.8700000
     -2.8550000
     -2.8450000
     -2.8250000
     -2.8025000
     -2.7850000
     -2.7650000
     -2.7450000
     -2.7200000
     -2.6950000
     -2.6850000
     -2.6675000
     -2.6550000
     -2.6350000
     -2.6075000
     -2.5950000
     -2.5850000
     -2.5450000
     -2.5350000
     -2.5100000
     -2.4950000
     -2.4775000
     -2.4550000
     -2.4400000
     -2.4250000
     -2.3900000
     -2.3750000
     -2.3550000
     -2.3450000
     -2.3150000
     -2.2950000
     -2.2850000
     -2.2650000
     -2.2425000
     -2.2150000
     -2.1975000
     -2.1850000
     -2.1550000
     -2.1350000
     -2.1200000
     -2.1100000
     -2.0825000
     -2.0750000
     -2.0700000
     -2.0650000
     -2.0575000
     -2.0450000
     -2.0650000
     -2.0650000
     -2.0675000
     -2.0750000
     -2.0825000
     -2.1050000
     -2.1050000
     -2.1150000
     -2.1300000
     -2.1475000
     -2.1700000
     -2.1850000
     -2.1950000
     -2.2150000
     -2.2250000
     -2.2400000
     -2.2650000
     -2.2850000
     -2.3050000
     -2.3175000
     -2.3350000
     -2.3500000
     -2.3750000
     -2.3850000
     -2.4025000
     -2.4275000
     -2.4450000
     -2.4675000
     -2.4775000
     -2.5050000
     -2.5200000
     -2.5350000
     -2.5575000
     -2.5900000
     -2.5950000
     -2.6250000
     -2.6300000
     -2.6500000
     -2.6750000
     -2.6900000
     -2.7150000
     -2.7225000
     -2.7550000
     -2.7750000
     -2.7850000
     -2.8000000
     -2.8250000
     -2.8475000
     -2.8675000
     -2.8775000
     -2.9050000
     -2.9250000
     -2.9350000
     -2.9550000
     -2.9850000
     -3.0000000
     -3.0250000
     -3.0350000
     -3.0500000
     -3.0750000
     -3.0850000
     -3.1075000
     -3.1350000
     -3.1525000
     -3.1750000
     -3.1850000
     -3.1900000
     -3.2250000
     -3.2350000
     -3.2550000
     -3.2775000
     -3.3050000
     -3.3150000
     -3.3350000
     -3.3625000
     -3.3575000
     -3.3850000
     -3.3975000
     -3.4250000
     -3.4550000
     -3.4650000
     -3.4800000
     -3.4850000
     -3.4950000
     -3.5200000
     -3.5500000
     -3.5750000
     -3.5950000
     -3.6150000
     -3.6250000
     -3.6250000
     -3.6350000
     -3.6500000
     -3.6800000
     -3.7100000
     -3.7100000
     -3.7250000
     -3.7275000
     -3.7150000
     -3.7050000
     -3.7050000
     -3.7050000
     -3.7100000
     -3.7075000
     -3.7050000
     -3.6825000
     -3.6650000
     -3.6450000
     -3.6250000
     -3.6250000
     -3.6150000
     -3.6100000
     -3.6000000
     -3.5850000
     -3.5650000
     -3.5450000
     -3.5100000
     -3.5050000
     -3.4850000
     -3.4775000
     -3.4700000
     -3.4650000
     -3.4350000
     -3.4150000
     -3.3850000
     -3.3625000
     -3.3450000
     -3.3450000
     -3.3200000
     -3.3075000
     -3.2950000
     -3.2700000
     -3.2450000
     -3.2250000
     -3.2800000
     -3.1900000
     -3.1675000
     -3.1600000
     -3.1475000
     -3.1225000
     -3.1050000
     -3.0850000
     -3.0650000
     -3.0400000
     -3.0250000
     -3.0050000
     -2.9950000
     -2.9850000
     -2.9475000
     -2.9350000
     -2.9200000
     -2.9050000
     -2.8675000
     -2.8550000
     -2.8375000
     -2.8250000
     -2.7950000
     -2.7850000
     -2.7700000
     -2.7450000
     -2.7225000
     -2.7050000
     -2.6850000
     -2.6650000
     -2.6400000
     -2.6275000
     -2.6150000
     -2.5950000
     -2.5850000
     -2.5500000
     -2.4750000
     -2.5150000
     -2.4875000
     -2.4650000
     -2.4475000
     -2.4350000
     -2.4250000
     -2.3925000
     -2.3750000
     -2.3600000
     -2.3450000
     -2.3150000
     -2.2900000
     -2.2775000
     -2.2650000
     -2.2350000
     -2.2150000
     -2.2000000
     -2.1850000
     -2.1625000
     -2.1450000
     -2.1175000
     -2.1050000
     -2.0825000
     -2.0700000
     -2.0650000
     -2.0550000
     -2.0550000
     -2.0550000
     -2.0550000
     -2.0650000
     -2.0650000
     -2.0650000
     -2.0725000
     -2.0875000
     -2.1050000
     -2.1150000
     -2.1225000
     -2.1500000
     -2.1600000
     -2.1700000
     -2.1850000
     -2.1975000
     -2.2150000
     -2.2350000
     -2.2650000
     -2.2750000
     -2.2900000
     -2.3075000
     -2.3300000
     -2.3475000
     -2.3650000
     -2.3775000
     -2.3950000
     -2.4150000
     -2.4350000
     -2.4650000
     -2.4750000
     -2.4900000
     -2.5150000
     -2.5350000
     -2.5500000
     -2.5700000
     -2.5900000
     -2.6000000
     -2.6250000
     -2.6375000
     -2.6675000
     -2.6875000
     -2.7050000
     -2.7175000
     -2.7450000
     -2.7600000
     -2.7850000
     -2.7950000
     -2.8250000
     -2.8350000
     -2.8550000
     -2.8700000
     -2.9050000
     -2.9175000
     -2.9350000
     -2.9475000
     -2.9575000
     -2.9850000
     -3.0000000
     -3.0250000
     -3.0375000
     -3.0650000
     -3.0850000
     -3.1050000
     -3.1150000
     -3.1450000
     -3.1550000
     -3.1850000
     -3.1900000
     -3.2150000
     -3.2250000
     -3.2375000
     -3.2650000
     -3.2825000
     -3.3075000
     -3.3350000
     -3.3475000
     -3.3575000
     -3.3850000
     -3.3950000
     -3.4075000
     -3.4250000
     -3.4400000
     -3.4650000
     -3.4750000
     -3.4950000
     -3.5225000
     -3.5450000
     -3.5650000
     -3.5850000
     -3.6025000
     -3.6250000
     -3.6300000
     -3.6350000
     -3.6500000
     -3.6650000
     -3.6700000
     -3.6800000
     -3.7050000
     -3.7175000
     -3.7250000
     -3.7250000
     -3.7250000
     -3.7200000
     -3.7075000
     -3.7050000
     -3.6800000
     -3.6675000
     -3.6550000
     -3.6400000
     -3.6300000
     -3.6250000
     -3.6250000
     -3.6150000
     -3.5975000
     -3.5850000
     -3.5700000
     -3.5550000
     -3.5275000
     -3.5125000
     -3.4950000
     -3.4700000
     -3.4425000
     -3.4350000
     -3.4250000
     -3.4050000
     -3.3950000
     -3.3850000
     -3.3650000
     -3.3500000
     -3.3300000
     -3.3175000
     -3.2850000
     -3.2675000
     -3.2450000
     -3.2250000
     -3.2250000
     -3.1900000
     -3.1775000
     -3.1575000
     -3.1450000
     -3.1275000
     -3.1050000
     -3.0775000
     -3.0700000
     -3.0500000
     -3.0275000
     -3.0050000
     -2.9950000
     -2.9750000
     -2.9550000
     -2.9300000
     -2.9150000
     -2.9050000
     -2.8775000
     -2.8650000
     -2.8450000
     -2.8250000
     -2.8025000
     -2.7850000
     -2.7650000
     -2.7450000
     -2.7225000
     -2.7050000
     -2.6875000
     -2.6750000
     -2.6650000
     -2.6350000
     -2.6075000
     -2.5950000
     -2.5850000
     -2.5500000
     -2.5275000
     -2.5150000
     -2.5050000
     -2.4775000
     -2.4550000
     -2.4400000
     -2.4250000
     -2.3950000
     -2.3750000
     -2.3550000
     -2.3450000
     -2.3175000
     -2.3050000
     -2.2850000
     -2.2650000
     -2.2425000
     -2.2250000
     -2.2000000
     -2.1850000
     -2.1575000
     -2.1450000
     -2.1175000
     -2.1050000
     -2.0950000
     -2.0775000
     -2.0650000
     -2.0650000
     -2.0475000
     -2.0450000
     -2.0450000
     -2.0550000
     -2.0650000
     -2.0750000
     -2.0750000
     -2.0825000
     -2.1050000
     -2.1075000
     -2.1250000
     -2.1450000
     -2.1575000
     -2.1675000
     -2.1850000
     -2.2000000
     -2.2100000
     -2.2350000
     -2.2650000
     -2.2650000
     -2.2850000
     -2.3050000
     -2.3225000
     -2.3450000
     -2.3600000
     -2.3750000
     -2.3950000
     -2.4025000
     -2.4350000
     -2.4450000
     -2.4650000
     -2.4825000
     -2.5100000
     -2.5275000
     -2.5450000
     -2.5625000
     -2.5850000
     -2.6050000
     -2.6150000
     -2.6350000
     -2.6650000
     -2.6775000
     -2.7050000
     -2.7175000
     -2.7450000
     -2.7550000
     -2.7750000
     -2.7950000
     -2.8075000
     -2.8300000
     -2.8550000
     -2.8700000
     -2.8800000
     -2.9150000
     -2.9350000
     -2.8275000
     -2.9550000
     -2.9850000
     -3.0000000
     -3.0250000
     -3.0400000
     -3.0650000
     -3.0775000
     -3.1050000
     -3.1050000
     -3.1350000
     -3.1500000
     -3.1675000
     -3.1950000
     -3.2250000
     -3.2300000
     -3.2550000
     -3.2650000
     -3.2800000
     -3.2950000
     -3.3075000
     -3.3450000
     -3.3500000
     -3.3850000
     -3.3950000
     -3.4150000
     -3.4250000
     -3.4350000
     -3.4650000
     -3.4700000
     -3.4900000
     -3.5200000
     -3.5450000
     -3.5650000
     -3.5850000
     -3.5875000
     -3.6025000
     -3.6075000
     -3.6250000
     -3.6650000
     -3.6750000
     -3.7050000
     -3.7100000
     -3.7200000
     -3.7200000
     -3.7175000
     -3.7150000
     -3.7050000
     -3.7050000
     -3.7050000
     -3.7050000
     -3.7050000
     -3.6950000
     -3.6825000
     -3.6650000
     -3.6400000
     -3.6350000
     -3.6100000
     -3.5950000
     -3.5850000
     -3.5850000
     -3.5750000
     -3.5550000
     -3.5450000
     -3.5225000
     -3.5050000
     -3.4800000
     -3.4650000
     -3.4400000
     -3.4300000
     -3.4250000
     -3.4050000
     -3.3875000
     -3.3850000
     -3.3500000
     -3.3250000
     -3.3050000
     -3.2825000
     -3.3550000
     -3.2650000
     -3.2350000
     -3.2250000
     -3.2250000
     -3.1850000
     -3.1575000
     -3.1500000
     -3.1225000
     -3.1050000
     -3.0850000
     -3.0675000
     -3.0550000
     -3.0350000
     -3.0150000
     -3.0000000
     -2.9850000
     -2.9600000
     -2.9450000
     -2.9200000
     -2.9050000
     -2.8825000
     -2.8650000
     -2.8400000
     -2.8300000
     -2.8100000
     -2.7900000
     -2.7750000
     -2.7550000
     -2.7450000
     -2.7150000
     -2.6850000
     -2.6750000
     -2.6650000
     -2.6350000
     -2.6075000
     -2.6000000
     -2.5850000
     -2.5550000
     -2.5450000
     -2.5150000
     -2.5050000
     -2.4825000
     -2.4650000
     -2.4375000
     -2.4250000
     -2.4000000
     -2.3850000
     -2.3600000
     -2.3475000
     -2.3225000
     -2.3050000
     -2.2850000
     -2.2675000
     -2.2400000
     -2.2250000
     -2.2000000
     -2.1850000
     -2.1625000
     -2.1450000
     -2.1200000
     -2.1100000
     -2.1050000
     -2.0775000
     -2.0650000
     -2.0550000
     -2.0550000
     -2.0475000
     -2.0425000
     -2.0550000
     -2.0575000
     -2.0650000
     -2.0675000
     -2.0825000
     -2.1050000
     -2.1075000
     -2.1175000
     -2.1350000
     -2.1475000
     -2.1575000
     -2.1750000
     -2.1875000
     -2.2050000
     -2.2250000
     -2.2425000
     -2.2650000
     -2.2500000
     -2.3050000
     -2.3150000
     -2.3300000
     -2.3500000
     -2.3650000
     -2.3900000
     -2.4025000
     -2.4250000
     -2.4450000
     -2.4675000
     -2.4825000
     -2.5050000
     -2.5250000
     -2.5475000
     -2.5600000
     -2.5850000
     -2.5950000
     -2.6150000
     -2.6350000
     -2.6425000
     -2.6750000
     -2.7050000
     -2.7150000
     -2.7225000
     -2.7500000
     -2.7750000
     -2.7900000
     -2.8025000
     -2.8250000
     -2.8425000
     -2.8650000
     -2.8775000
     -2.9050000
     -2.9250000
     -2.9450000
     -2.9625000
     -2.9850000
     -2.9975000
     -3.0150000
     -3.0300000
     -3.0650000
     -3.0700000
     -3.0850000
     -3.1050000
     -3.1250000
     -3.1550000
     -3.1675000
     -3.1850000
     -3.2025000
     -3.2275000
     -3.2450000
     -3.2650000
     -3.2675000
     -3.2950000
     -3.3100000
     -3.3200000
     -3.3450000
     -3.3625000
     -3.3875000
     -3.4150000
     -3.4350000
     -3.4550000
     -3.4650000
     -3.4775000
     -3.4950000
     -3.5150000
     -3.5275000
     -3.5450000
     -3.5475000
     -3.5675000
     -3.5950000
     -3.6250000
     -3.6350000
     -3.6550000
     -3.6800000
     -3.7050000
     -3.7100000
     -3.7150000
     -3.7250000
     -3.7150000
     -3.7150000
     -3.7050000
     -3.7075000
     -3.7050000
     -3.6850000
     -3.6750000
     -3.6750000
     -3.6775000
     -3.6750000
     -3.6650000
     -3.6500000
     -3.6400000
     -3.6250000
     -3.6100000
     -3.5950000
     -3.5850000
     -3.5550000
     -3.5450000
     -3.5050000
     -3.4950000
     -3.4800000
     -3.4700000
     -3.4450000
     -3.4425000
     -3.4250000
     -3.4100000
     -3.3950000
     -3.3850000
     -3.3625000
     -3.3450000
     -3.3200000
     -3.3050000
     -3.2800000
     -3.2650000
     -3.2450000
     -3.2300000
     -3.2025000
     -3.1850000
     -3.1625000
     -3.1500000
     -3.1450000
     -3.1150000
     -3.1050000
     -3.0850000
     -3.0675000
     -3.0550000
     -3.0250000
     -3.0000000
     -2.9900000
     -2.9750000
     -2.9500000
     -2.9300000
     -2.9150000
     -2.8950000
     -2.8650000
     -2.8425000
     -2.8350000
     -2.8250000
     -2.7950000
     -2.7850000
     -2.7600000
     -2.7450000
     -2.7175000
     -2.6950000
     -2.6800000
     -2.6650000
     -2.6425000
     -2.6250000
     -2.6100000
     -2.5950000
     -2.5850000
     -2.5500000
     -2.5250000
     -2.5050000
     -2.4825000
     -2.4650000
     -2.4450000
     -2.4300000
     -2.4150000
     -2.3850000
     -2.3650000
     -2.3500000
     -2.3275000
     -2.3075000
     -2.2850000
     -2.2750000
     -2.2650000
     -2.2350000
     -2.2150000
     -2.1975000
     -2.1750000
     -2.1850000
     -2.1275000
     -2.1150000
     -2.1050000
     -2.0750000
     -2.0650000
     -2.0575000
     -2.0500000
     -2.0500000
     -2.0475000
     -2.0500000
     -2.0650000
     -2.0650000
     -2.0700000
     -2.0750000
     -2.1050000
     -2.1050000
     -2.1200000
     -2.1350000
     -2.1500000
     -2.1625000
     -2.1850000
     -2.1900000
     -2.2100000
     -2.2250000
     -2.2350000
     -2.2550000
     -2.2775000
     -2.2950000
     -2.3100000
     -2.3350000
     -2.3500000
     -2.3750000
     -2.3900000
     -2.4150000
     -2.4300000
     -2.4500000
     -2.4650000
     -2.4775000
     -2.4950000
     -2.5150000
     -2.5350000
     -2.5500000
     -2.5675000
     -2.5850000
     -2.6150000
     -2.6300000
     -2.6425000
     -2.6750000
     -2.6950000
     -2.7150000
     -2.7350000
     -2.7550000
     -2.7750000
     -2.7875000
     -2.8025000
     -2.8275000
     -2.8450000
     -2.8575000
     -2.8750000
     -2.9050000
     -2.9150000
     -2.9350000
     -2.9500000
     -2.9750000
     -2.9975000
     -3.0150000
     -3.0375000
     -3.0650000
     -3.0750000
     -3.0950000
     -3.1100000
     -3.1275000
     -3.1550000
     -3.1675000
     -3.1850000
     -3.1925000
     -3.2250000
     -3.2300000
     -3.2550000
     -3.2675000
     -3.3050000
     -3.3175000
     -3.3375000
     -3.3500000
     -3.3850000
     -3.3975000
     -3.4100000
     -3.4300000
     -3.4400000
     -3.4675000
     -3.4750000
     -3.4900000
     -3.5050000
     -3.5175000
     -3.5450000
     -3.5550000
     -3.5675000
     -3.6000000
     -3.6250000
     -3.6450000
     -3.6650000
     -3.6825000
     -3.7050000
     -3.7100000
     -3.7150000
     -3.7175000
     -3.7175000
     -3.7050000
     -3.7050000
     -3.7050000
     -3.6900000
     -3.6825000
     -3.6825000
     -3.6825000
     -3.6825000
     -3.6775000
     -3.6675000
     -3.6650000
     -3.6400000
     -3.6250000
     -3.6150000
     -3.5875000
     -3.5850000
     -3.5650000
     -3.5450000
     -3.5100000
     -3.5050000
     -3.4800000
     -3.4650000
     -3.4550000
     -3.4550000
     -3.4350000
     -3.4150000
     -3.3950000
     -3.3850000
     -3.3750000
     -3.3450000
     -3.3250000
     -3.3100000
     -3.2900000
     -3.2650000
     -3.2550000
     -3.2350000
     -3.2250000
     -3.1850000
     -3.1650000
     -3.1500000
     -3.1450000
     -3.1200000
     -3.1050000
     -3.0850000
     -3.0750000
     -3.0650000
     -3.0300000
     -3.0150000
     -2.9975000
     -2.9850000
     -2.9525000
     -2.9350000
     -2.9175000
     -2.9050000
     -2.8700000
     -2.8550000
     -2.8375000
     -2.8250000
     -2.7975000
     -2.7850000
     -2.7650000
     -2.7450000
     -2.7350000
     -2.7075000
     -2.6850000
     -2.6750000
     -2.6550000
     -2.6250000
     -2.6050000
     -2.5950000
     -2.5625000
     -2.5475000
     -2.5250000
     -2.5075000
     -2.4950000
     -2.4700000
     -2.4450000
     -2.4375000
     -2.4250000
     -2.3950000
     -2.3750000
     -2.3550000
     -2.3450000
     -2.3175000
     -2.2950000
     -2.2775000
     -2.2650000
     -2.2300000
     -2.2150000
     -2.1950000
     -2.1750000
     -2.1550000
     -2.1450000
     -2.1150000
     -2.1050000
     -2.0825000
     -2.0750000
     -2.0650000
     -2.0550000
     -2.0550000
     -2.0550000
     -2.0450000
     -2.0650000
     -2.0650000
     -2.0650000
     -2.0775000
     -2.0950000
     -2.1050000
     -2.1150000
     -2.1250000
     -2.1500000
     -2.1625000
     -2.1750000
     -2.1900000
     -2.2075000
     -2.2250000
     -2.2375000
     -2.2550000
     -2.2750000
     -2.2950000
     -2.3050000
     -2.3350000
     -2.3450000
     -2.3650000
     -2.3850000
     -2.3950000
     -2.4250000
     -2.4450000
     -2.4575000
     -2.4750000
     -2.4900000
     -2.5100000
     -2.5350000
     -2.5500000
     -2.5625000
     -2.5950000
     -2.6150000
     -2.6250000
     -2.6500000
     -2.6700000
     -2.6850000
     -2.7050000
     -2.7175000
     -2.7450000
     -2.7650000
     -2.7850000
     -2.7950000
     -2.8250000
     -2.8400000
     -2.8575000
     -2.8775000
     -2.9050000
     -2.9150000
     -2.9450000
     -2.9475000
     -2.9575000
     -2.9900000
     -3.0050000
     -3.0250000
     -3.0475000
     -3.0750000
     -3.0850000
     -3.1075000
     -3.1200000
     -3.1450000
     -3.1550000
     -3.1750000
     -3.1850000
     -3.1600000
     -3.2350000
     -3.2550000
     -3.2650000
     -3.3050000
     -3.3150000
     -3.3250000
     -3.3450000
     -3.3600000
     -3.3850000
     -3.3900000
     -3.4050000
     -3.4250000
     -3.4400000
     -3.4650000
     -3.4900000
     -3.5050000
     -3.5450000
     -3.5550000
     -3.5650000
     -3.5750000
     -3.5950000
     -3.6025000
     -3.6250000
     -3.6275000
     -3.6550000
     -3.6700000
     -3.7050000
     -3.7150000
     -3.7250000
     -3.7250000
     -3.7250000
     -3.7250000
     -3.7150000
     -3.7050000
     -3.6950000
     -3.6775000
     -3.6650000
     -3.6725000
     -3.6700000
     -3.6675000
     -3.6450000
     -3.6450000
     -3.6250000
     -3.6050000
     -3.5850000
     -3.5150000
     -3.5475000
     -3.5225000
     -3.5100000
     -3.5050000
     -3.4950000
     -3.4800000
     -3.4650000
     -3.4550000
     -3.4350000
     -3.4150000
     -3.3950000
     -3.3850000
     -3.3575000
     -3.3275000
     -3.3075000
     -3.2950000
     -3.2825000
     -3.2650000
     -3.2450000
     -3.2350000
     -3.2250000
     -3.1950000
     -3.1700000
     -3.1500000
     -3.1450000
     -3.1200000
     -3.1050000
     -3.0750000
     -3.0650000
     -3.0425000
     -3.0250000
     -3.0050000
     -2.9950000
     -2.9500000
     -2.9350000
     -2.9150000
     -2.9050000
     -2.8750000
     -2.8550000
     -2.8350000
     -2.8150000
     -2.7975000
     -2.7850000
     -2.7575000
     -2.7450000
     -2.7200000
     -2.7050000
     -2.6800000
     -2.6650000
     -2.6425000
     -2.6250000
     -2.6050000
     -2.5850000
     -2.5675000
     -2.5450000
     -2.5275000
     -2.5075000
     -2.4950000
     -2.4750000
     -2.4550000
     -2.4300000
     -2.4250000
     -2.3950000
     -2.3750000
     -2.3550000
     -2.3450000
     -2.3175000
     -2.3050000
     -2.2750000
     -2.2650000
     -2.2375000
     -2.2250000
     -2.1975000
     -2.1750000
     -2.1625000
     -2.1450000
     -2.1200000
     -2.1050000
     -2.0825000
     -2.0675000
     -2.0550000
     -2.0375000
     -2.0350000
     -2.0350000
     -2.0275000
     -2.0300000
     -2.0350000
     -2.0400000
     -2.0450000
     -2.0550000
     -2.0675000
     -2.0800000
     -2.0950000
     -2.1050000
     -2.1175000
     -2.1350000
     -2.1450000
     -2.1600000
     -2.1850000
     -2.1950000
     -2.2100000
     -2.2250000
     -2.2400000
     -2.2650000
     -2.2850000
     -2.3050000
     -2.3100000
     -2.3450000
     -2.3550000
     -2.3750000
     -2.3850000
     -2.4100000
     -2.4250000
     -2.4450000
     -2.4650000
     -2.4825000
     -2.5050000
     -2.5225000
     -2.5375000
     -2.5575000
     -2.5850000
     -2.5975000
     -2.6250000
     -2.6350000
     -2.6650000
     -2.6750000
     -2.6900000
     -2.7050000
     -2.7350000
     -2.7500000
     -2.7700000
     -2.7850000
     -2.8075000
     -2.8300000
     -2.8450000
     -2.8650000
     -2.8825000
     -2.9050000
     -2.9175000
     -2.9450000
     -2.9575000
     -2.9850000
     -2.9950000
     -3.0100000
     -3.0300000
     -3.0550000
     -3.0675000
     -3.0850000
     -3.1050000
     -3.1225000
     -3.1450000
     -3.1600000
     -3.1750000
     -3.1950000
     -3.2250000
     -3.2350000
     -3.2500000
     -3.2750000
     -3.2950000
     -3.3050000
     -3.3200000
     -3.3450000
     -3.3600000
     -3.3850000
     -3.3950000
     -3.4250000
     -3.4375000
     -3.4550000
     -3.4700000
     -3.4900000
     -3.5100000
     -3.5225000
     -3.5450000
     -3.5650000
     -3.5850000
     -3.5975000
     -3.6150000
     -3.6300000
     -3.6550000
     -3.6650000
     -3.6750000
     -3.6800000
     -3.6950000
     -3.6950000
     -3.6950000
     -3.6825000
     -3.6875000
     -3.6800000
     -3.6750000
     -3.6650000
     -3.6650000
     -3.6450000
     -3.6350000
     -3.6250000
     -3.6150000
     -3.5950000
     -3.5850000
     -3.5650000
     -3.5550000
     -3.5450000
     -3.5200000
     -3.5050000
     -3.4900000
     -3.4750000
     -3.4650000
     -3.4375000
     -3.4250000
     -3.4050000
     -3.3875000
     -3.3675000
     -3.3450000
     -3.3350000
     -3.3150000
     -3.3050000
     -3.2750000
     -3.2650000
     -3.2450000
     -3.2250000
     -3.2025000
     -3.1900000
     -3.1750000
     -3.1550000
     -3.1350000
     -3.1175000
     -3.1050000
     -3.0775000
     -3.0650000
     -3.0400000
     -3.0250000
     -3.0100000
     -2.9875000
     -2.9700000
     -2.9550000
     -2.9350000
     -2.9150000
     -2.9050000
     -2.8775000
     -2.8650000
     -2.8375000
     -2.8250000
     -2.8000000
     -2.7850000
     -2.7650000
     -2.7450000
     -2.7225000
     -2.7075000
     -2.6850000
     -2.6650000
     -2.6500000
     -2.6275000
     -2.6075000
     -2.5875000
     -2.5850000
     -2.5550000
     -2.5350000
     -2.5150000
     -2.4950000
     -2.4775000
     -2.4650000
     -2.4350000
     -2.4250000
     -2.4000000
     -2.3850000
     -2.3575000
     -2.3450000
     -2.3200000
     -2.3050000
     -2.2850000
     -2.2650000
     -2.2425000
     -2.2250000
     -2.2025000
     -2.1850000
     -2.1625000
     -2.1475000
     -2.1275000
     -2.1050000
     -2.0950000
     -2.0750000
     -2.0575000
     -2.0450000
     -2.0375000
     -2.0350000
     -2.0350000
     -2.0350000
     -2.0350000
     -2.0400000
     -2.0475000
     -2.0550000
     -2.0650000
     -2.0775000
     -2.0950000
     -2.1050000
     -2.1150000
     -2.1350000
     -2.1450000
     -2.1575000
     -2.1700000
     -2.1950000
     -2.2100000
     -2.2250000
     -2.2400000
     -2.2650000
     -2.2800000
     -2.3050000
     -2.3150000
     -2.3450000
     -2.3500000
     -2.3650000
     -2.3850000
     -2.4075000
     -2.4275000
     -2.4450000
     -2.4650000
     -2.4775000
     -2.5050000
     -2.5175000
     -2.5375000
     -2.5550000
     -2.5850000
     -2.5950000
     -2.6150000
     -2.6275000
     -2.6550000
     -2.6700000
     -2.6900000
     -2.7050000
     -2.7275000
     -2.7500000
     -2.7650000
     -2.7850000
     -2.8025000
     -2.8250000
     -2.8400000
     -2.8650000
     -2.8775000
     -2.9050000
     -2.9150000
     -2.9350000
     -2.9550000
     -2.9750000
     -2.9900000
     -3.0100000
     -3.0250000
     -3.0475000
     -3.0650000
     -3.0850000
     -3.1050000
     -3.1175000
     -3.1450000
     -3.1550000
     -3.1700000
     -3.1950000
     -3.2250000
     -3.2300000
     -3.2450000
     -3.2675000
     -3.2900000
     -3.3050000
     -3.3175000
     -3.3450000
     -3.3600000
     -3.3850000
     -3.3950000
     -3.4150000
     -3.4350000
     -3.4550000
     -3.4675000
     -3.4825000
     -3.5050000
     -3.5200000
     -3.5450000
     -3.5550000
     -3.5850000
     -3.5950000
     -3.6150000
     -3.6250000
     -3.6475000
     -3.6650000
     -3.6750000
     -3.6750000
     -3.6950000
     -3.7050000
     -3.6950000
     -3.6950000
     -3.6825000
     -3.6825000
     -3.6750000
     -3.6650000
     -3.6650000
     -3.6500000
     -3.6350000
     -3.6250000
     -3.6150000
     -3.6000000
     -3.5850000
     -3.5650000
     -3.5550000
     -3.5450000
     -3.5225000
     -3.5050000
     -3.4850000
     -3.4750000
     -3.4650000
     -3.4375000
     -3.4250000
     -3.4100000
     -3.3950000
     -3.3850000
     -3.3525000
     -3.3450000
     -3.3200000
     -3.3050000
     -3.2825000
     -3.2700000
     -3.2550000
     -3.2300000
     -3.2150000
     -3.1950000
     -3.1750000
     -3.1550000
     -3.1450000
     -3.1175000
     -3.1050000
     -3.0850000
     -3.0650000
     -3.0400000
     -3.0300000
     -3.0150000
     -2.9950000
     -2.9750000
     -2.9575000
     -2.9450000
     -2.9175000
     -2.9050000
     -2.8800000
     -2.8650000
     -2.8450000
     -2.8250000
     -2.8025000
     -2.7875000
     -2.7675000
     -2.7450000
     -2.7350000
     -2.7075000
     -2.6900000
     -2.6700000
     -2.6550000
     -2.6350000
     -2.6150000
     -2.5950000
     -2.5850000
     -2.5550000
     -2.5375000
     -2.5175000
     -2.4950000
     -2.4800000
     -2.4650000
     -2.4400000
     -2.4250000
     -2.4000000
     -2.3850000
     -2.3625000
     -2.3450000
     -2.3225000
     -2.3075000
     -2.2850000
     -2.2650000
     -2.2475000
     -2.2300000
     -2.2075000
     -2.1875000
     -2.1750000
     -2.1525000
     -2.1350000
     -2.1100000
     -2.0950000
     -2.0750000
     -2.0650000
     -2.0500000
     -2.0375000
     -2.0350000
     -2.0350000
     -2.0300000
     -2.0275000
     -2.0400000
     -2.0450000
     -2.0550000
     -2.0650000
     -2.0775000
     -2.0825000
     -2.1050000
     -2.1075000
     -2.1250000
     -2.1450000
     -2.1575000
     -2.1700000
     -2.1900000
     -2.2050000
     -2.2250000
     -2.2350000
     -2.2650000
     -2.2775000
     -2.2950000
     -2.3100000
     -2.3300000
     -2.3500000
     -2.3675000
     -2.3850000
     -2.3975000
     -2.4250000
     -2.4450000
     -2.4650000
     -2.4750000
     -2.5050000
     -2.5150000
     -2.5350000
     -2.5500000
     -2.5850000
     -2.5950000
     -2.6150000
     -2.6300000
     -2.6550000
     -2.6700000
     -2.6850000
     -2.7050000
     -2.7225000
     -2.7475000
     -2.7650000
     -2.7850000
     -2.8000000
     -2.8250000
     -2.8375000
     -2.8550000
     -2.8700000
     -2.9050000
     -2.9150000
     -2.9350000
     -2.9450000
     -2.9750000
     -2.9875000
     -3.0050000
     -3.0250000
     -3.0425000
     -3.0650000
     -3.0800000
     -3.0950000
     -3.1175000
     -3.1450000
     -3.1550000
     -3.1700000
     -3.1900000
     -3.2250000
     -3.2300000
     -3.2450000
     -3.2650000
     -3.2825000
     -3.3050000
     -3.3175000
     -3.3350000
     -3.3575000
     -3.3850000
     -3.3950000
     -3.4075000
     -3.4275000
     -3.4475000
     -3.4650000
     -3.4800000
     -3.5050000
     -3.5200000
     -3.5450000
     -3.5550000
     -3.5750000
     -3.5950000
     -3.6150000
     -3.6250000
     -3.6450000
     -3.6650000
     -3.6750000
     -3.6800000
     -3.6900000
     -3.7050000
     -3.7050000
     -3.6950000
     -3.6950000
     -3.6825000
     -3.6775000
     -3.6700000
     -3.6550000
     -3.6550000
     -3.6450000
     -3.6275000
     -3.6150000
     -3.6025000
     -3.5900000
     -3.5750000
     -3.5550000
     -3.5450000
     -3.5350000
     -3.5150000
     -3.4950000
     -3.4825000
     -3.4675000
     -3.4475000
     -3.4275000
     -3.4150000
     -3.3950000
     -3.3850000
     -3.3600000
     -3.3450000
     -3.3275000
     -3.3100000
     -3.2850000
     -3.2700000
     -3.2550000
     -3.2350000
     -3.2250000
     -3.1950000
     -3.1850000
     -3.1650000
     -3.1450000
     -3.1200000
     -3.1100000
     -3.0950000
     -3.0700000
     -3.0550000
     -3.0375000
     -3.0250000
     -2.9950000
     -2.9850000
     -2.9575000
     -2.9450000
     -2.9250000
     -2.9050000
     -2.8825000
     -2.8675000
     -2.8475000
     -2.8275000
     -2.8100000
     -2.7900000
     -2.7750000
     -2.7550000
     -2.7350000
     -2.7150000
     -2.6950000
     -2.6750000
     -2.6650000
     -2.6400000
     -2.6250000
     -2.5975000
     -2.5850000
     -2.5625000
     -2.5450000
     -2.5250000
     -2.5050000
     -2.4875000
     -2.4675000
     -2.4500000
     -2.4250000
     -2.4100000
     -2.3875000
     -2.3675000
     -2.3450000
     -2.3350000
     -2.3150000
     -2.2950000
     -2.2700000
     -2.2650000
     -2.2350000
     -2.2150000
     -2.1950000
     -2.1750000
     -2.1575000
     -2.1450000
     -2.1175000
     -2.1050000
     -2.0800000
     -2.0650000
     -2.0550000
     -2.0350000
     -2.0350000
     -2.0350000
     -2.0350000
     -2.0350000
     -2.0400000
     -2.0475000
     -2.0550000
     -2.0650000
     -2.0750000
     -2.0825000
     -2.1050000
     -2.1075000
     -2.1250000
     -2.1450000
     -2.1550000
     -2.1675000
     -2.1850000
     -2.2025000
     -2.2200000
     -2.2350000
     -2.2550000
     -2.2750000
     -2.2875000
     -2.3050000
     -2.3200000
     -2.3450000
     -2.3650000
     -2.3850000
     -2.3950000
     -2.4250000
     -2.4375000
     -2.4550000
     -2.4700000
     -2.4950000
     -2.5150000
     -2.5300000
     -2.5475000
     -2.5700000
     -2.5900000
     -2.6050000
     -2.6250000
     -2.6425000
     -2.6650000
     -2.6800000
     -2.7050000
     -2.7175000
     -2.7450000
     -2.7600000
     -2.7850000
     -2.7950000
     -2.8250000
     -2.8350000
     -2.8550000
     -2.8650000
     -2.8950000
     -2.9100000
     -2.9275000
     -2.9450000
     -2.9625000
     -2.9850000
     -3.0000000
     -3.0250000
     -3.0375000
     -3.0650000
     -3.0750000
     -3.0950000
     -3.1150000
     -3.1350000
     -3.1500000
     -3.1675000
     -3.1850000
     -3.2025000
     -3.2250000
     -3.2450000
     -3.2650000
     -3.2800000
     -3.3050000
     -3.3150000
     -3.3300000
     -3.3550000
     -3.3850000
     -3.3875000
     -3.4050000
     -3.4250000
     -3.4425000
     -3.4650000
     -3.4775000
     -3.4975000
     -3.5150000
     -3.5450000
     -3.5550000
     -3.5750000
     -3.5900000
     -3.6025000
     -3.6250000
     -3.6375000
     -3.6550000
     -3.6700000
     -3.6800000
     -3.6825000
     -3.7050000
     -3.7050000
     -3.7050000
     -3.6825000
     -3.6825000
     -3.6800000
     -3.6700000
     -3.6650000
     -3.6550000
     -3.6450000
     -3.6300000
     -3.6250000
     -3.6050000
     -3.5950000
     -3.5850000
     -3.5650000
     -3.5500000
     -3.5450000
     -3.5150000
     -3.4950000
     -3.4850000
     -3.4675000
     -3.4550000
     -3.4350000
     -3.4150000
     -3.4050000
     -3.3850000
     -3.3625000
     -3.3450000
     -3.3350000
     -3.3150000
     -3.2950000
     -3.2700000
     -3.2650000
     -3.2400000
     -3.2250000
     -3.2000000
     -3.1850000
     -3.1700000
     -3.1500000
     -3.1300000
     -3.1150000
     -3.0975000
     -3.0775000
     -3.0650000
     -3.0375000
     -3.0250000
     -3.0000000
     -2.9850000
     -2.9625000
     -2.9475000
     -2.9300000
     -2.9100000
     -2.8825000
     -2.8700000
     -2.8550000
     -2.8350000
     -2.8150000
     -2.7975000
     -2.7850000
     -2.7550000
     -2.7450000
     -2.7200000
     -2.7050000
     -2.6800000
     -2.6650000
     -2.6425000
     -2.6250000
     -2.6050000
     -2.5850000
     -2.5700000
     -2.5500000
     -2.5275000
     -2.5075000
     -2.4950000
     -2.4750000
     -2.4550000
     -2.4300000
     -2.4250000
     -2.3950000
     -2.3750000
     -2.3550000
     -2.3350000
     -2.3175000
     -2.2950000
     -2.2775000
     -2.2650000
     -2.2400000
     -2.2250000
     -2.2000000
     -2.1850000
     -2.1625000
     -2.1450000
     -2.1200000
     -2.1050000
     -2.0825000
     -2.0675000
     -2.0550000
     -2.0425000
     -2.0400000
     -2.0350000
     -2.0350000
     -2.0350000
     -2.0375000
     -2.0450000
     -2.0550000
     -2.0650000
     -2.0675000
     -2.0825000
     -2.1050000
     -2.1050000
     -2.1175000
     -2.1450000
     -2.1525000
     -2.1625000
     -2.1850000
     -2.2000000
     -2.2150000
     -2.2325000
     -2.2425000
     -2.2700000
     -2.2875000
     -2.3050000
     -2.3175000
     -2.3450000
     -2.3575000
     -2.3750000
     -2.3950000
     -2.4250000
     -2.4350000
     -2.4550000
     -2.4700000
     -2.4875000
     -2.5100000
     -2.5250000
     -2.5450000
     -2.5575000
     -2.5875000
     -2.6050000
     -2.6250000
     -2.6350000
     -2.6650000
     -2.6775000
     -2.6950000
     -2.7150000
     -2.7450000
     -2.7575000
     -2.7750000
     -2.7900000
     -2.8150000
     -2.8300000
     -2.8500000
     -2.8650000
     -2.8950000
     -2.9075000
     -2.9250000
     -2.9450000
     -2.9600000
     -2.9850000
     -2.9975000
     -3.0150000
     -3.0300000
     -3.0650000
     -3.0750000
     -3.0900000
     -3.1050000
     -3.1275000
     -3.1500000
     -3.1650000
     -3.1850000
     -3.2025000
     -3.2250000
     -3.2375000
     -3.2550000
     -3.2750000
     -3.3050000
     -3.3150000
     -3.3300000
     -3.3500000
     -3.3750000
     -3.3850000
     -3.4050000
     -3.4250000
     -3.4400000
     -3.4650000
     -3.4750000
     -3.4950000
     -3.5100000
     -3.5450000
     -3.5475000
     -3.5650000
     -3.5850000
     -3.6000000
     -3.6250000
     -3.6350000
     -3.6550000
     -3.6700000
     -3.6750000
     -3.6775000
     -3.7050000
     -3.7050000
     -3.7050000
     -3.6850000
     -3.6875000
     -3.6800000
     -3.6750000
     -3.6650000
     -3.6550000
     -3.6450000
     -3.6350000
     -3.6250000
     -3.6150000
     -3.5950000
     -3.5850000
     -3.5650000
     -3.5500000
     -3.5450000
     -3.5200000
     -3.5050000
     -3.4800000
     -3.4750000
     -3.4550000
     -3.4350000
     -3.4150000
     -3.4050000
     -3.3875000
     -3.3675000
     -3.3475000
     -3.3350000
     -3.3150000
     -3.3050000
     -3.2775000
     -3.2650000
     -3.2450000
     -3.2250000
     -3.2025000
     -3.1875000
     -3.1750000
     -3.1550000
     -3.1350000
     -3.1150000
     -3.1050000
     -3.0800000
     -3.0650000
     -3.0350000
     -3.0250000
     -3.0050000
     -2.9850000
     -2.9600000
     -2.9500000
     -2.9350000
     -2.9150000
     -2.8850000
     -2.8750000
     -2.8550000
     -2.8350000
     -2.8150000
     -2.7975000
     -2.7850000
     -2.7600000
     -2.7450000
     -2.7200000
     -2.7050000
     -2.6825000
     -2.6650000
     -2.6425000
     -2.6275000
     -2.6075000
     -2.5875000
     -2.5625000
     -2.5500000
     -2.5350000
     -2.5150000
     -2.4900000
     -2.4750000
     -2.4550000
     -2.4350000
     -2.4150000
     -2.3975000
     -2.3775000
     -2.3550000
     -2.3350000
     -2.3175000
     -2.3050000
     -2.2800000
     -2.2650000
     -2.2425000
     -2.2250000
     -2.2025000
     -2.1850000
     -2.1625000
     -2.1475000
     -2.1200000
     -2.1050000
     -2.0825000
     -2.0750000
     -2.0550000
     -2.0450000
     -2.0350000
     -2.0350000
     -2.0300000
     -2.0275000
     -2.0300000
     -2.0400000
     -2.0475000
     -2.0550000
     -2.0650000
     -2.0775000
     -2.0900000
     -2.1050000
     -2.1150000
     -2.1300000
     -2.1450000
     -2.1600000
     -2.1850000
     -2.1950000
     -2.2150000
     -2.2275000
     -2.2400000
     -2.2650000
     -2.2850000
     -2.3050000
     -2.3150000
     -2.3350000
     -2.3550000
     -2.3700000
     -2.3875000
     -2.4025000
     -2.4275000
     -2.4500000
     -2.4650000
     -2.4775000
     -2.5050000
     -2.5200000
     -2.5400000
     -2.5525000
     -2.5850000
     -2.6000000
     -2.6250000
     -2.6350000
     -2.6650000
     -2.6750000
     -2.6950000
     -2.7050000
     -2.7350000
     -2.7500000
     -2.7675000
     -2.7850000
     -2.8025000
     -2.8250000
     -2.8425000
     -2.8650000
     -2.8775000
     -2.9050000
     -2.9175000
     -2.9450000
     -2.9500000
     -2.9850000
     -2.9950000
     -3.0100000
     -3.0250000
     -3.0550000
     -3.0675000
     -3.0850000
     -3.1050000
     -3.1225000
     -3.1450000
     -3.1575000
     -3.1750000
     -3.1950000
     -3.2250000
     -3.2350000
     -3.2500000
     -3.2700000
     -3.2950000
     -3.3050000
     -3.3200000
     -3.3450000
     -3.3600000
     -3.3850000
     -3.3950000
     -3.4150000
     -3.4350000
     -3.4550000
     -3.4650000
     -3.4850000
     -3.5100000
     -3.5225000
     -3.5450000
     -3.5550000
     -3.5850000
     -3.5975000
     -3.6150000
     -3.6300000
     -3.6500000
     -3.6650000
     -3.6750000
     -3.6800000
     -3.6900000
     -3.6950000
     -3.6950000
     -3.6900000
     -3.6900000
     -3.6825000
     -3.6750000
     -3.6650000
     -3.6550000
     -3.6475000
     -3.6350000
     -3.6250000
     -3.6050000
     -3.5975000
     -3.5850000
     -3.5700000
     -3.5475000
     -3.5450000
     -3.5200000
     -3.5075000
     -3.4850000
     -3.4775000
     -3.4650000
     -3.4400000
     -3.4250000
     -3.4100000
     -3.3900000
     -3.3750000
     -3.3550000
     -3.3450000
     -3.3250000
     -3.3050000
     -3.2825000
     -3.2650000
     -3.2475000
     -3.2300000
     -3.2250000
     -3.1900000
     -3.1775000
     -3.1575000
     -3.1450000
     -3.1150000
     -3.1050000
     -3.0850000
     -3.0650000
     -3.0400000
     -3.0300000
     -3.0150000
     -2.9900000
     -2.9700000
     -2.9550000
     -2.9450000
     -2.9150000
     -2.9050000
     -2.8775000
     -2.8650000
     -2.8400000
     -2.8250000
     -2.8025000
     -2.7850000
     -2.7650000
     -2.7475000
     -2.7225000
     -2.7100000
     -2.6900000
     -2.6675000
     -2.6425000
     -2.6350000
     -2.6150000
     -2.5950000
     -2.5750000
     -2.5575000
     -2.5450000
     -2.5150000
     -2.4950000
     -2.4775000
     -2.4650000
     -2.4375000
     -2.4250000
     -2.4025000
     -2.3850000
     -2.3625000
     -2.3450000
     -2.3225000
     -2.3075000
     -2.2850000
     -2.2650000
     -2.2500000
     -2.2300000
     -2.2075000
     -2.1850000
     -2.1625000
     -2.1500000
     -2.1350000
     -2.1100000
     -2.0875000
     -2.0750000
     -2.0650000
     -2.0450000
     -2.0350000
     -2.0350000
     -2.0350000
     -2.0350000
     -2.0350000
     -2.0450000
     -2.0450000
     -2.0550000
     -2.0650000
     -2.0750000
     -2.0900000
     -2.1050000
     -2.1100000
     -2.1275000
     -2.1450000
     -2.1550000
     -2.1750000
     -2.1875000
     -2.2100000
     -2.2250000
     -2.2400000
     -2.2650000
     -2.2775000
     -2.2950000
     -2.3100000
     -2.3225000
     -2.3500000
     -2.3700000
     -2.3850000
     -2.3975000
     -2.4250000
     -2.4400000
     -2.4650000
     -2.4775000
     -2.5050000
     -2.5175000
     -2.5350000
     -2.5525000
     -2.5850000
     -2.5950000
     -2.6150000
     -2.6275000
     -2.6550000
     -2.6750000
     -2.6900000
     -2.7050000
     -2.7225000
     -2.7450000
     -2.7650000
     -2.7850000
     -2.7950000
     -2.8250000
     -2.8400000
     -2.8575000
     -2.8725000
     -2.9050000
     -2.9150000
     -2.9350000
     -2.9450000
     -2.9750000
     -2.9900000
     -3.0075000
     -3.0250000
     -3.0425000
     -3.0650000
     -3.0800000
     -3.0950000
     -3.1175000
     -3.1450000
     -3.1550000
     -3.1700000
     -3.1875000
     -3.2250000
     -3.2300000
     -3.2450000
     -3.2650000
     -3.2825000
     -3.3050000
     -3.3175000
     -3.3350000
     -3.3600000
     -3.3850000
     -3.3950000
     -3.4050000
     -3.4300000
     -3.4550000
     -3.4650000
     -3.4800000
     -3.5050000
     -3.5200000
     -3.5450000
     -3.5550000
     -3.5750000
     -3.5950000
     -3.6150000
     -3.6250000
     -3.6450000
     -3.6650000
     -3.6750000
     -3.6775000
     -3.6825000
     -3.7050000
     -3.6950000
     -3.6900000
     -3.6825000
     -3.6825000
     -3.6750000
     -3.6675000
     -3.6550000
     -3.6550000
     -3.6375000
     -3.6250000
     -3.6100000
     -3.5975000
     -3.5850000
     -3.5750000
     -3.5550000
     -3.5450000
     -3.5250000
     -3.5100000
     -3.4950000
     -3.4750000
     -3.4650000
     -3.4425000
     -3.4275000
     -3.4150000
     -3.3950000
     -3.3850000
     -3.3550000
     -3.3450000
